CONNECTION_social_media_time_per_day,CONNECTION_preference_time_family
31-60 minutes per day,5
2-3 hours per day,4
2-3 hours per day,2
1-2 hours per day,NA
1-2 hours per day,NA
10-30 minutes per day,2
Less than 10 minutes per day,NA
1-2 hours per day,0
2-3 hours per day,NA
2-3 hours per day,36
More than 3 hours per day,NA
2-3 hours per day,4
NA,NA
2-3 hours per day,NA
1-2 hours per day,NA
10-30 minutes per day,14
NA,NA
10-30 minutes per day,NA
NA,NA
1-2 hours per day,NA
NA,NA
NA,2
NA,NA
2-3 hours per day,5
1-2 hours per day,NA
More than 3 hours per day,NA
More than 3 hours per day,NA
31-60 minutes per day,1
10-30 minutes per day,100
NA,NA
10-30 minutes per day,NA
More than 3 hours per day,NA
10-30 minutes per day,NA
NA,NA
10-30 minutes per day,8
31-60 minutes per day,NA
Strongly Agree,NA
31-60 minutes per day,NA
NA,NA
2-3 hours per day,NA
31-60 minutes per day,NA
10-30 minutes per day,0
NA,NA
31-60 minutes per day,NA
NA,NA
1-2 hours per day,11
NA,NA
31-60 minutes per day,NA
31-60 minutes per day,4
1-2 hours per day,5
More than 3 hours per day,6
1-2 hours per day,NA
2-3 hours per day,NA
More than 3 hours per day,NA
31-60 minutes per day,0
More than 3 hours per day,24
More than 3 hours per day,6
More than 3 hours per day,4
NA,NA
31-60 minutes per day,5
31-60 minutes per day,NA
NA,NA
2-3 hours per day,8
1-2 hours per day,10
31-60 minutes per day,NA
31-60 minutes per day,NA
1-2 hours per day,NA
NA,NA
More than 3 hours per day,4
NA,NA
NA,2
NA,2
1-2 hours per day,NA
NA,NA
10-30 minutes per day,NA
More than 3 hours per day,NA
2-3 hours per day,NA
NA,7
1-2 hours per day,NA
More than 3 hours per day,NA
NA,1
NA,NA
1-2 hours per day,NA
31-60 minutes per day,NA
Presented but no response,NA
Less than 10 minutes per day,NA
More than 3 hours per day,NA
31-60 minutes per day,14
NA,NA
More than 3 hours per day,10
31-60 minutes per day,NA
NA,NA
1-2 hours per day,NA
2-3 hours per day,NA
2-3 hours per day,2
NA,NA
10-30 minutes per day,NA
Less than 10 minutes per day,NA
10-30 minutes per day,4
NA,NA
NA,NA
2-3 hours per day,NA
10-30 minutes per day,NA
Less than 10 minutes per day,NA
10-30 minutes per day,NA
NA,4
NA,1
2-3 hours per day,NA
More than 3 hours per day,NA
More than 3 hours per day,NA
Less than 10 minutes per day,NA
Less than 10 minutes per day,NA
NA,6
NA,7
More than 3 hours per day,1
More than 3 hours per day,NA
More than 3 hours per day,NA
NA,NA
More than 3 hours per day,2
NA,NA
10-30 minutes per day,NA
31-60 minutes per day,0
NA,NA
NA,NA
1-2 hours per day,NA
NA,NA
NA,NA
31-60 minutes per day,NA
1-2 hours per day,NA
1-2 hours per day,NA
10-30 minutes per day,NA
2-3 hours per day,NA
2-3 hours per day,70
2-3 hours per day,NA
10-30 minutes per day,37
2-3 hours per day,NA
31-60 minutes per day,NA
1-2 hours per day,12
More than 3 hours per day,6
31-60 minutes per day,20
NA,NA
1-2 hours per day,NA
31-60 minutes per day,1
2-3 hours per day,NA
31-60 minutes per day,16
More than 3 hours per day,5
10-30 minutes per day,NA
31-60 minutes per day,NA
NA,NA
31-60 minutes per day,NA
1-2 hours per day,4
2-3 hours per day,NA
Less than 10 minutes per day,NA
10-30 minutes per day,NA
More than 3 hours per day,NA
31-60 minutes per day,NA
10-30 minutes per day,NA
1-2 hours per day,NA
1-2 hours per day,NA
31-60 minutes per day,7
1-2 hours per day,4
NA,NA
2-3 hours per day,NA
Less than 10 minutes per day,15
2-3 hours per day,NA
NA,NA
1-2 hours per day,10
2-3 hours per day,NA
NA,NA
1-2 hours per day,NA
NA,NA
Less than 10 minutes per day,NA
More than 3 hours per day,1
2-3 hours per day,NA
NA,NA
31-60 minutes per day,NA
31-60 minutes per day,4
More than 3 hours per day,NA
10-30 minutes per day,NA
2-3 hours per day,NA
10-30 minutes per day,15
More than 3 hours per day,NA
31-60 minutes per day,NA
2-3 hours per day,NA
10-30 minutes per day,NA
10-30 minutes per day,50
NA,3
NA,4
10-30 minutes per day,3
NA,NA
1-2 hours per day,5
NA,NA
NA,NA
NA,3
NA,3
More than 3 hours per day,NA
NA,24
NA,6
1-2 hours per day,NA
31-60 minutes per day,NA
NA,NA
10-30 minutes per day,2
More than 3 hours per day,42
31-60 minutes per day,NA
2-3 hours per day,8
NA,NA
NA,NA
NA,2
1-2 hours per day,NA
10-30 minutes per day,NA
1-2 hours per day,NA
Less than 10 minutes per day,12
NA,NA
Less than 10 minutes per day,NA
NA,NA
1-2 hours per day,6
More than 3 hours per day,3
2-3 hours per day,NA
31-60 minutes per day,NA
NA,NA
1-2 hours per day,9
2-3 hours per day,NA
2-3 hours per day,NA
1-2 hours per day,NA
NA,NA
NA,NA
NA,NA
More than 3 hours per day,14
2-3 hours per day,NA
More than 3 hours per day,168
NA,NA
NA,NA
More than 3 hours per day,NA
10-30 minutes per day,NA
10-30 minutes per day,NA
31-60 minutes per day,5
10-30 minutes per day,2
1-2 hours per day,10
1-2 hours per day,NA
10-30 minutes per day,NA
1-2 hours per day,5
Presented but no response,NA
1-2 hours per day,1
1-2 hours per day,5
NA,NA
NA,8
2-3 hours per day,NA
2-3 hours per day,NA
More than 3 hours per day,7
31-60 minutes per day,20
10-30 minutes per day,16
1-2 hours per day,NA
NA,NA
2-3 hours per day,NA
2-3 hours per day,10
More than 3 hours per day,21
1-2 hours per day,NA
10-30 minutes per day,NA
31-60 minutes per day,NA
NA,NA
31-60 minutes per day,NA
2-3 hours per day,12
Less than 10 minutes per day,NA
NA,NA
2-3 hours per day,5
More than 3 hours per day,NA
NA,NA
31-60 minutes per day,NA
NA,NA
More than 3 hours per day,NA
10-30 minutes per day,NA
NA,NA
1-2 hours per day,41
31-60 minutes per day,2
31-60 minutes per day,31
Less than 10 minutes per day,NA
NA,NA
NA,NA
More than 3 hours per day,NA
10-30 minutes per day,12
31-60 minutes per day,NA
NA,NA
NA,NA
1-2 hours per day,2
31-60 minutes per day,NA
More than 3 hours per day,4
1-2 hours per day,3
More than 3 hours per day,NA
1-2 hours per day,NA
Less than 10 minutes per day,NA
2-3 hours per day,NA
10-30 minutes per day,7
NA,NA
NA,NA
NA,NA
2-3 hours per day,NA
31-60 minutes per day,NA
NA,NA
Less than 10 minutes per day,NA
10-30 minutes per day,3
10-30 minutes per day,NA
NA,NA
1-2 hours per day,10
1-2 hours per day,NA
10-30 minutes per day,20
1-2 hours per day,NA
1-2 hours per day,NA
31-60 minutes per day,4
More than 3 hours per day,NA
NA,NA
Less than 10 minutes per day,0
More than 3 hours per day,NA
10-30 minutes per day,NA
More than 3 hours per day,NA
10-30 minutes per day,NA
NA,NA
More than 3 hours per day,0
10-30 minutes per day,NA
2-3 hours per day,1
NA,NA
2-3 hours per day,NA
NA,NA
NA,12
31-60 minutes per day,NA
10-30 minutes per day,1
NA,NA
1-2 hours per day,84
1-2 hours per day,10
NA,NA
2-3 hours per day,NA
2-3 hours per day,NA
More than 3 hours per day,5
31-60 minutes per day,1
31-60 minutes per day,NA
31-60 minutes per day,8
2-3 hours per day,NA
2-3 hours per day,NA
10-30 minutes per day,NA
10-30 minutes per day,NA
31-60 minutes per day,NA
Less than 10 minutes per day,NA
More than 3 hours per day,NA
10-30 minutes per day,NA
More than 3 hours per day,NA
10-30 minutes per day,NA
NA,NA
More than 3 hours per day,NA
31-60 minutes per day,20
1-2 hours per day,NA
NA,NA
10-30 minutes per day,NA
10-30 minutes per day,NA
1-2 hours per day,2
31-60 minutes per day,30
10-30 minutes per day,NA
NA,NA
NA,NA
2-3 hours per day,NA
More than 3 hours per day,40
2-3 hours per day,132
10-30 minutes per day,NA
NA,NA
More than 3 hours per day,NA
NA,NA
NA,NA
1-2 hours per day,3
2-3 hours per day,3
31-60 minutes per day,NA
2-3 hours per day,2
31-60 minutes per day,1
2-3 hours per day,NA
1-2 hours per day,NA
NA,NA
NA,NA
10-30 minutes per day,NA
2-3 hours per day,3
31-60 minutes per day,3
1-2 hours per day,5
31-60 minutes per day,NA
NA,NA
31-60 minutes per day,NA
1-2 hours per day,NA
1-2 hours per day,5
2-3 hours per day,NA
31-60 minutes per day,NA
10-30 minutes per day,NA
1-2 hours per day,NA
More than 3 hours per day,60
NA,0
NA,1
More than 3 hours per day,NA
31-60 minutes per day,NA
NA,3
NA,1
1-2 hours per day,NA
Less than 10 minutes per day,NA
31-60 minutes per day,NA
31-60 minutes per day,NA
31-60 minutes per day,80
31-60 minutes per day,NA
NA,NA
31-60 minutes per day,NA
2-3 hours per day,NA
NA,0
NA,0
10-30 minutes per day,NA
NA,NA
More than 3 hours per day,1
1-2 hours per day,NA
NA,6
NA,8
More than 3 hours per day,NA
31-60 minutes per day,3
More than 3 hours per day,NA
Less than 10 minutes per day,NA
1-2 hours per day,NA
2-3 hours per day,2
More than 3 hours per day,NA
Presented but no response,NA
Less than 10 minutes per day,4
1-2 hours per day,30
More than 3 hours per day,NA
2-3 hours per day,NA
NA,1
NA,7
More than 3 hours per day,NA
1-2 hours per day,NA
1-2 hours per day,NA
31-60 minutes per day,NA
10-30 minutes per day,NA
1-2 hours per day,NA
Less than 10 minutes per day,NA
1-2 hours per day,NA
Less than 10 minutes per day,NA
10-30 minutes per day,28
10-30 minutes per day,NA
10-30 minutes per day,14
NA,NA
10-30 minutes per day,NA
2-3 hours per day,NA
2-3 hours per day,1
NA,NA
1-2 hours per day,NA
31-60 minutes per day,NA
1-2 hours per day,1
31-60 minutes per day,NA
2-3 hours per day,NA
31-60 minutes per day,NA
NA,NA
1-2 hours per day,NA
Less than 10 minutes per day,NA
31-60 minutes per day,3
More than 3 hours per day,NA
2-3 hours per day,91
31-60 minutes per day,NA
More than 3 hours per day,NA
10-30 minutes per day,NA
NA,NA
31-60 minutes per day,20
1-2 hours per day,NA
10-30 minutes per day,1
2-3 hours per day,NA
1-2 hours per day,4
10-30 minutes per day,7
NA,NA
10-30 minutes per day,NA
2-3 hours per day,49
NA,2
NA,2
1-2 hours per day,NA
1-2 hours per day,NA
NA,NA
NA,NA
NA,NA
10-30 minutes per day,NA
31-60 minutes per day,NA
More than 3 hours per day,12
More than 3 hours per day,NA
NA,NA
31-60 minutes per day,NA
10-30 minutes per day,3
NA,NA
10-30 minutes per day,15
More than 3 hours per day,NA
NA,NA
NA,NA
31-60 minutes per day,NA
NA,NA
10-30 minutes per day,32
NA,NA
2-3 hours per day,NA
31-60 minutes per day,NA
NA,NA
31-60 minutes per day,NA
10-30 minutes per day,NA
31-60 minutes per day,NA
More than 3 hours per day,NA
NA,NA
1-2 hours per day,NA
10-30 minutes per day,9
2-3 hours per day,NA
Less than 10 minutes per day,NA
NA,NA
1-2 hours per day,NA
More than 3 hours per day,NA
NA,8
NA,8
NA,NA
31-60 minutes per day,NA
NA,NA
Less than 10 minutes per day,NA
1-2 hours per day,9
NA,NA
10-30 minutes per day,NA
More than 3 hours per day,5
31-60 minutes per day,NA
NA,NA
NA,NA
10-30 minutes per day,NA
NA,1
31-60 minutes per day,NA
NA,0
More than 3 hours per day,NA
NA,NA
1-2 hours per day,4
1-2 hours per day,NA
NA,NA
31-60 minutes per day,NA
2-3 hours per day,NA
31-60 minutes per day,NA
10-30 minutes per day,NA
2-3 hours per day,NA
10-30 minutes per day,2
More than 3 hours per day,NA
More than 3 hours per day,NA
31-60 minutes per day,20
NA,NA
Presented but no response,24
31-60 minutes per day,10
1-2 hours per day,50
NA,3
1-2 hours per day,NA
NA,30
NA,NA
10-30 minutes per day,2
2-3 hours per day,NA
1-2 hours per day,NA
2-3 hours per day,NA
10-30 minutes per day,NA
NA,NA
More than 3 hours per day,11
1-2 hours per day,NA
1-2 hours per day,NA
2-3 hours per day,NA
1-2 hours per day,2
10-30 minutes per day,NA
More than 3 hours per day,NA
NA,NA
31-60 minutes per day,8
NA,NA
31-60 minutes per day,NA
10-30 minutes per day,NA
10-30 minutes per day,1
2-3 hours per day,NA
2-3 hours per day,3
2-3 hours per day,NA
10-30 minutes per day,NA
10-30 minutes per day,2
2-3 hours per day,3
31-60 minutes per day,36
10-30 minutes per day,6
Presented but no response,NA
1-2 hours per day,NA
1-2 hours per day,NA
1-2 hours per day,2
More than 3 hours per day,NA
NA,NA
2-3 hours per day,3
2-3 hours per day,2
31-60 minutes per day,30
10-30 minutes per day,20
10-30 minutes per day,NA
10-30 minutes per day,NA
More than 3 hours per day,NA
10-30 minutes per day,3
10-30 minutes per day,NA
10-30 minutes per day,NA
1-2 hours per day,0
10-30 minutes per day,NA
NA,NA
1-2 hours per day,15
10-30 minutes per day,NA
10-30 minutes per day,3
10-30 minutes per day,NA
More than 3 hours per day,6
2-3 hours per day,5
NA,NA
More than 3 hours per day,NA
2-3 hours per day,20
31-60 minutes per day,NA
31-60 minutes per day,8
31-60 minutes per day,40
31-60 minutes per day,NA
NA,1
NA,6
NA,NA
NA,NA
10-30 minutes per day,NA
10-30 minutes per day,NA
NA,21
NA,6
1-2 hours per day,NA
NA,2
2-3 hours per day,NA
NA,2
10-30 minutes per day,3
31-60 minutes per day,NA
1-2 hours per day,NA
10-30 minutes per day,1
2-3 hours per day,104
NA,10
10-30 minutes per day,NA
NA,3
NA,2
NA,NA
NA,NA
More than 3 hours per day,NA
1-2 hours per day,10
31-60 minutes per day,2
2-3 hours per day,NA
1-2 hours per day,NA
More than 3 hours per day,NA
More than 3 hours per day,40
2-3 hours per day,NA
31-60 minutes per day,NA
NA,NA
Less than 10 minutes per day,NA
More than 3 hours per day,NA
31-60 minutes per day,NA
31-60 minutes per day,NA
31-60 minutes per day,10
More than 3 hours per day,10
31-60 minutes per day,NA
2-3 hours per day,NA
NA,NA
1-2 hours per day,10
NA,NA
More than 3 hours per day,24
31-60 minutes per day,NA
2-3 hours per day,NA
1-2 hours per day,40
More than 3 hours per day,12
2-3 hours per day,34
NA,NA
Less than 10 minutes per day,NA
NA,NA
2-3 hours per day,NA
NA,NA
31-60 minutes per day,NA
31-60 minutes per day,NA
NA,NA
10-30 minutes per day,0
2-3 hours per day,NA
NA,NA
NA,NA
31-60 minutes per day,NA
10-30 minutes per day,NA
More than 3 hours per day,0
NA,NA
31-60 minutes per day,NA
31-60 minutes per day,NA
More than 3 hours per day,0
More than 3 hours per day,2
NA,NA
10-30 minutes per day,NA
1-2 hours per day,NA
NA,NA
NA,NA
10-30 minutes per day,NA
2-3 hours per day,NA
10-30 minutes per day,16
More than 3 hours per day,NA
NA,NA
More than 3 hours per day,3
2-3 hours per day,NA
NA,NA
NA,NA
10-30 minutes per day,NA
NA,7
NA,5
NA,NA
Less than 10 minutes per day,NA
Less than 10 minutes per day,0
NA,NA
More than 3 hours per day,NA
More than 3 hours per day,NA
NA,NA
NA,NA
31-60 minutes per day,NA
NA,4
NA,1
More than 3 hours per day,NA
31-60 minutes per day,NA
NA,NA
1-2 hours per day,36
NA,NA
2-3 hours per day,NA
10-30 minutes per day,NA
31-60 minutes per day,40
More than 3 hours per day,7
10-30 minutes per day,NA
10-30 minutes per day,4
2-3 hours per day,NA
31-60 minutes per day,NA
10-30 minutes per day,NA
1-2 hours per day,40
10-30 minutes per day,NA
31-60 minutes per day,35
More than 3 hours per day,2
More than 3 hours per day,NA
NA,2
NA,3
NA,NA
1-2 hours per day,5
NA,NA
Presented but no response,NA
1-2 hours per day,10
1-2 hours per day,NA
Less than 10 minutes per day,NA
2-3 hours per day,NA
1-2 hours per day,NA
More than 3 hours per day,NA
31-60 minutes per day,NA
10-30 minutes per day,NA
2-3 hours per day,NA
NA,NA
NA,NA
1-2 hours per day,NA
NA,NA
NA,NA
31-60 minutes per day,2
1-2 hours per day,8
2-3 hours per day,NA
NA,NA
Presented but no response,NA
More than 3 hours per day,NA
NA,NA
More than 3 hours per day,NA
NA,NA
10-30 minutes per day,2
More than 3 hours per day,NA
31-60 minutes per day,100
10-30 minutes per day,6
2-3 hours per day,NA
1-2 hours per day,NA
1-2 hours per day,NA
NA,NA
Less than 10 minutes per day,NA
More than 3 hours per day,NA
Less than 10 minutes per day,3
1-2 hours per day,NA
31-60 minutes per day,8
NA,NA
31-60 minutes per day,NA
2-3 hours per day,NA
NA,NA
NA,NA
31-60 minutes per day,NA
NA,9
10-30 minutes per day,NA
2-3 hours per day,NA
31-60 minutes per day,NA
1-2 hours per day,NA
Less than 10 minutes per day,NA
NA,NA
1-2 hours per day,8
More than 3 hours per day,NA
NA,NA
31-60 minutes per day,3
More than 3 hours per day,NA
31-60 minutes per day,24
1-2 hours per day,NA
NA,4
10-30 minutes per day,NA
31-60 minutes per day,NA
31-60 minutes per day,168
1-2 hours per day,NA
2-3 hours per day,25
31-60 minutes per day,30
NA,NA
2-3 hours per day,5
1-2 hours per day,NA
NA,NA
NA,NA
2-3 hours per day,NA
10-30 minutes per day,NA
More than 3 hours per day,NA
NA,NA
Less than 10 minutes per day,NA
More than 3 hours per day,NA
10-30 minutes per day,NA
NA,NA
1-2 hours per day,100
10-30 minutes per day,NA
10-30 minutes per day,NA
1-2 hours per day,NA
31-60 minutes per day,NA
1-2 hours per day,NA
2-3 hours per day,24
More than 3 hours per day,NA
2-3 hours per day,NA
NA,NA
10-30 minutes per day,2
More than 3 hours per day,62
2-3 hours per day,2
10-30 minutes per day,4
NA,NA
More than 3 hours per day,10
10-30 minutes per day,160
1-2 hours per day,NA
NA,NA
31-60 minutes per day,NA
NA,NA
2-3 hours per day,2
NA,NA
31-60 minutes per day,NA
1-2 hours per day,NA
2-3 hours per day,160
NA,NA
2-3 hours per day,NA
More than 3 hours per day,NA
31-60 minutes per day,NA
NA,4
NA,3
1-2 hours per day,NA
1-2 hours per day,NA
31-60 minutes per day,NA
1-2 hours per day,NA
2-3 hours per day,1
31-60 minutes per day,5
More than 3 hours per day,NA
2-3 hours per day,NA
2-3 hours per day,NA
More than 3 hours per day,NA
2-3 hours per day,10
31-60 minutes per day,NA
More than 3 hours per day,NA
NA,NA
1-2 hours per day,NA
10-30 minutes per day,NA
31-60 minutes per day,NA
NA,NA
1-2 hours per day,NA
31-60 minutes per day,10
2-3 hours per day,40
31-60 minutes per day,14
10-30 minutes per day,3
31-60 minutes per day,NA
31-60 minutes per day,105
31-60 minutes per day,NA
2-3 hours per day,NA
1-2 hours per day,NA
Less than 10 minutes per day,NA
Less than 10 minutes per day,NA
2-3 hours per day,1
31-60 minutes per day,5
NA,NA
2-3 hours per day,168
NA,NA
Less than 10 minutes per day,18
1-2 hours per day,NA
Less than 10 minutes per day,32
10-30 minutes per day,23
31-60 minutes per day,NA
31-60 minutes per day,5
31-60 minutes per day,10
NA,NA
31-60 minutes per day,NA
NA,NA
2-3 hours per day,NA
31-60 minutes per day,8
2-3 hours per day,NA
More than 3 hours per day,0
1-2 hours per day,NA
NA,NA
10-30 minutes per day,NA
NA,NA
31-60 minutes per day,10
10-30 minutes per day,NA
NA,NA
10-30 minutes per day,NA
More than 3 hours per day,NA
10-30 minutes per day,NA
NA,NA
2-3 hours per day,NA
10-30 minutes per day,NA
1-2 hours per day,NA
NA,NA
1-2 hours per day,11
31-60 minutes per day,NA
NA,NA
31-60 minutes per day,NA
2-3 hours per day,5
NA,NA
NA,NA
NA,NA
2-3 hours per day,NA
31-60 minutes per day,30
NA,NA
31-60 minutes per day,NA
10-30 minutes per day,NA
NA,NA
NA,NA
More than 3 hours per day,NA
31-60 minutes per day,NA
2-3 hours per day,NA
More than 3 hours per day,NA
2-3 hours per day,NA
31-60 minutes per day,NA
1-2 hours per day,NA
More than 3 hours per day,NA
1-2 hours per day,2
10-30 minutes per day,NA
2-3 hours per day,NA
31-60 minutes per day,NA
More than 3 hours per day,NA
2-3 hours per day,NA
2-3 hours per day,35
NA,NA
10-30 minutes per day,NA
10-30 minutes per day,3
31-60 minutes per day,NA
More than 3 hours per day,NA
1-2 hours per day,NA
31-60 minutes per day,NA
1-2 hours per day,NA
NA,NA
31-60 minutes per day,NA
10-30 minutes per day,1
10-30 minutes per day,NA
31-60 minutes per day,NA
31-60 minutes per day,10
31-60 minutes per day,NA
2-3 hours per day,20
10-30 minutes per day,NA
Less than 10 minutes per day,NA
31-60 minutes per day,NA
10-30 minutes per day,NA
1-2 hours per day,3
1-2 hours per day,NA
31-60 minutes per day,NA
More than 3 hours per day,3
NA,NA
1-2 hours per day,NA
NA,NA
1-2 hours per day,NA
NA,NA
10-30 minutes per day,4
NA,NA
31-60 minutes per day,5
31-60 minutes per day,NA
NA,NA
10-30 minutes per day,2
31-60 minutes per day,NA
1-2 hours per day,NA
1-2 hours per day,3
More than 3 hours per day,10
10-30 minutes per day,NA
More than 3 hours per day,NA
More than 3 hours per day,NA
NA,NA
NA,NA
31-60 minutes per day,NA
More than 3 hours per day,NA
1-2 hours per day,NA
More than 3 hours per day,NA
NA,NA
10-30 minutes per day,NA
NA,30
31-60 minutes per day,NA
1-2 hours per day,24
NA,NA
Presented but no response,NA
More than 3 hours per day,NA
1-2 hours per day,20
31-60 minutes per day,19
NA,NA
More than 3 hours per day,1
31-60 minutes per day,NA
NA,30
1-2 hours per day,NA
NA,20
31-60 minutes per day,NA
NA,3
NA,2
1-2 hours per day,NA
More than 3 hours per day,NA
1-2 hours per day,NA
NA,NA
More than 3 hours per day,NA
1-2 hours per day,NA
NA,14
More than 3 hours per day,NA
NA,0
More than 3 hours per day,NA
Presented but no response,NA
1-2 hours per day,NA
1-2 hours per day,NA
10-30 minutes per day,NA
1-2 hours per day,NA
2-3 hours per day,NA
NA,16
More than 3 hours per day,NA
NA,NA
NA,NA
1-2 hours per day,NA
10-30 minutes per day,NA
NA,NA
10-30 minutes per day,NA
NA,NA
NA,NA
NA,NA
31-60 minutes per day,NA
More than 3 hours per day,6
10-30 minutes per day,NA
1-2 hours per day,NA
2-3 hours per day,7
10-30 minutes per day,NA
31-60 minutes per day,NA
Less than 10 minutes per day,7
1-2 hours per day,6
NA,NA
1-2 hours per day,NA
31-60 minutes per day,NA
NA,NA
NA,NA
Less than 10 minutes per day,NA
1-2 hours per day,NA
31-60 minutes per day,NA
NA,7
1-2 hours per day,13
1-2 hours per day,NA
31-60 minutes per day,NA
2-3 hours per day,NA
NA,30
NA,0
2-3 hours per day,NA
2-3 hours per day,NA
More than 3 hours per day,NA
31-60 minutes per day,6
NA,NA
NA,NA
NA,NA
10-30 minutes per day,NA
NA,NA
More than 3 hours per day,NA
More than 3 hours per day,NA
2-3 hours per day,NA
31-60 minutes per day,5
31-60 minutes per day,NA
NA,NA
10-30 minutes per day,10
10-30 minutes per day,NA
1-2 hours per day,NA
10-30 minutes per day,NA
2-3 hours per day,NA
1-2 hours per day,NA
More than 3 hours per day,35
More than 3 hours per day,NA
More than 3 hours per day,NA
31-60 minutes per day,NA
NA,NA
More than 3 hours per day,NA
31-60 minutes per day,2
NA,NA
2-3 hours per day,NA
31-60 minutes per day,1
Presented but no response,NA
31-60 minutes per day,15
More than 3 hours per day,NA
NA,NA
NA,NA
2-3 hours per day,158
10-30 minutes per day,NA
NA,NA
NA,NA
More than 3 hours per day,100
NA,NA
10-30 minutes per day,NA
1-2 hours per day,NA
10-30 minutes per day,7
10-30 minutes per day,4
Less than 10 minutes per day,NA
1-2 hours per day,NA
NA,4
NA,NA
NA,NA
10-30 minutes per day,NA
NA,NA
NA,4
1-2 hours per day,NA
NA,0
1-2 hours per day,NA
10-30 minutes per day,NA
More than 3 hours per day,NA
NA,4
1-2 hours per day,NA
More than 3 hours per day,21
10-30 minutes per day,NA
10-30 minutes per day,NA
NA,NA
NA,NA
NA,NA
1-2 hours per day,NA
1-2 hours per day,NA
10-30 minutes per day,NA
NA,NA
NA,30
NA,3
2-3 hours per day,NA
10-30 minutes per day,NA
1-2 hours per day,30
1-2 hours per day,NA
NA,NA
31-60 minutes per day,NA
2-3 hours per day,NA
More than 3 hours per day,NA
31-60 minutes per day,NA
10-30 minutes per day,NA
10-30 minutes per day,NA
NA,NA
More than 3 hours per day,NA
NA,NA
More than 3 hours per day,NA
10-30 minutes per day,NA
10-30 minutes per day,NA
NA,NA
10-30 minutes per day,6
Less than 10 minutes per day,2
More than 3 hours per day,NA
31-60 minutes per day,NA
31-60 minutes per day,5
2-3 hours per day,15
NA,NA
2-3 hours per day,NA
31-60 minutes per day,NA
2-3 hours per day,5
1-2 hours per day,1
NA,NA
NA,NA
10-30 minutes per day,NA
31-60 minutes per day,2
10-30 minutes per day,1
31-60 minutes per day,NA
1-2 hours per day,NA
More than 3 hours per day,NA
1-2 hours per day,NA
NA,NA
10-30 minutes per day,4
NA,30
NA,5
31-60 minutes per day,NA
31-60 minutes per day,NA
More than 3 hours per day,20
NA,NA
More than 3 hours per day,4
31-60 minutes per day,4
31-60 minutes per day,8
More than 3 hours per day,NA
1-2 hours per day,NA
More than 3 hours per day,NA
NA,3
NA,NA
More than 3 hours per day,NA
NA,1
1-2 hours per day,NA
10-30 minutes per day,NA
More than 3 hours per day,NA
10-30 minutes per day,NA
10-30 minutes per day,NA
NA,NA
NA,NA
NA,NA
More than 3 hours per day,3
NA,NA
1-2 hours per day,NA
31-60 minutes per day,NA
1-2 hours per day,NA
31-60 minutes per day,2
NA,NA
More than 3 hours per day,NA
More than 3 hours per day,NA
More than 3 hours per day,NA
2-3 hours per day,5
1-2 hours per day,NA
NA,NA
31-60 minutes per day,5
More than 3 hours per day,NA
1-2 hours per day,NA
NA,NA
NA,NA
1-2 hours per day,NA
NA,NA
More than 3 hours per day,1
More than 3 hours per day,1
NA,NA
Less than 10 minutes per day,6
NA,NA
31-60 minutes per day,NA
More than 3 hours per day,1
NA,NA
NA,NA
1-2 hours per day,NA
NA,NA
NA,NA
NA,3
2-3 hours per day,NA
NA,3
31-60 minutes per day,7
NA,NA
10-30 minutes per day,NA
31-60 minutes per day,NA
31-60 minutes per day,NA
NA,NA
31-60 minutes per day,NA
NA,NA
10-30 minutes per day,NA
NA,NA
31-60 minutes per day,NA
2-3 hours per day,3
2-3 hours per day,1
1-2 hours per day,NA
Less than 10 minutes per day,2
NA,NA
31-60 minutes per day,14
10-30 minutes per day,NA
NA,NA
10-30 minutes per day,NA
NA,NA
More than 3 hours per day,NA
Less than 10 minutes per day,NA
2-3 hours per day,7
Less than 10 minutes per day,NA
NA,NA
2-3 hours per day,NA
NA,4
10-30 minutes per day,125
More than 3 hours per day,NA
More than 3 hours per day,NA
More than 3 hours per day,0
2-3 hours per day,5
NA,NA
2-3 hours per day,24
More than 3 hours per day,NA
NA,NA
1-2 hours per day,NA
2-3 hours per day,NA
31-60 minutes per day,8
2-3 hours per day,NA
2-3 hours per day,NA
Less than 10 minutes per day,3
NA,NA
1-2 hours per day,NA
NA,3
NA,3
31-60 minutes per day,NA
More than 3 hours per day,NA
More than 3 hours per day,NA
NA,NA
NA,NA
2-3 hours per day,NA
Less than 10 minutes per day,NA
NA,NA
More than 3 hours per day,NA
NA,NA
2-3 hours per day,NA
1-2 hours per day,7
31-60 minutes per day,NA
2-3 hours per day,NA
More than 3 hours per day,NA
NA,NA
31-60 minutes per day,8
NA,NA
NA,5
2-3 hours per day,NA
2-3 hours per day,8
NA,NA
More than 3 hours per day,NA
10-30 minutes per day,20
Less than 10 minutes per day,NA
NA,NA
31-60 minutes per day,5
31-60 minutes per day,NA
NA,NA
1-2 hours per day,10
NA,NA
31-60 minutes per day,NA
NA,NA
1-2 hours per day,19
10-30 minutes per day,NA
More than 3 hours per day,0
1-2 hours per day,NA
2-3 hours per day,7
1-2 hours per day,NA
1-2 hours per day,NA
NA,NA
2-3 hours per day,NA
10-30 minutes per day,43
31-60 minutes per day,NA
2-3 hours per day,1
2-3 hours per day,NA
1-2 hours per day,NA
More than 3 hours per day,NA
31-60 minutes per day,NA
More than 3 hours per day,2
NA,NA
2-3 hours per day,NA
Less than 10 minutes per day,NA
NA,NA
10-30 minutes per day,3
More than 3 hours per day,NA
1-2 hours per day,NA
2-3 hours per day,NA
Less than 10 minutes per day,NA
10-30 minutes per day,18
1-2 hours per day,121
NA,NA
More than 3 hours per day,NA
More than 3 hours per day,NA
NA,NA
2-3 hours per day,84
More than 3 hours per day,NA
NA,NA
10-30 minutes per day,NA
NA,NA
NA,NA
Less than 10 minutes per day,NA
More than 3 hours per day,8
NA,2
More than 3 hours per day,NA
10-30 minutes per day,NA
31-60 minutes per day,NA
31-60 minutes per day,NA
31-60 minutes per day,NA
NA,NA
More than 3 hours per day,NA
More than 3 hours per day,11
1-2 hours per day,NA
31-60 minutes per day,NA
NA,NA
NA,NA
More than 3 hours per day,NA
More than 3 hours per day,NA
NA,3
NA,30
31-60 minutes per day,NA
31-60 minutes per day,NA
NA,3
2-3 hours per day,NA
NA,3
NA,NA
31-60 minutes per day,NA
1-2 hours per day,10
More than 3 hours per day,10
1-2 hours per day,7
NA,NA
10-30 minutes per day,NA
NA,20
2-3 hours per day,NA
More than 3 hours per day,2
More than 3 hours per day,40
NA,NA
31-60 minutes per day,NA
NA,3
NA,NA
NA,NA
NA,NA
More than 3 hours per day,NA
NA,NA
1-2 hours per day,NA
More than 3 hours per day,3
10-30 minutes per day,11
More than 3 hours per day,NA
NA,NA
More than 3 hours per day,2
1-2 hours per day,28
Less than 10 minutes per day,1
10-30 minutes per day,7
31-60 minutes per day,3
2-3 hours per day,3
Less than 10 minutes per day,NA
1-2 hours per day,NA
1-2 hours per day,0
NA,NA
NA,NA
NA,NA
2-3 hours per day,35
NA,NA
NA,NA
2-3 hours per day,NA
1-2 hours per day,NA
1-2 hours per day,3
31-60 minutes per day,NA
1-2 hours per day,3
More than 3 hours per day,NA
More than 3 hours per day,12
1-2 hours per day,NA
2-3 hours per day,NA
More than 3 hours per day,NA
NA,NA
More than 3 hours per day,2
More than 3 hours per day,NA
1-2 hours per day,NA
More than 3 hours per day,5
2-3 hours per day,NA
31-60 minutes per day,NA
1-2 hours per day,NA
31-60 minutes per day,NA
1-2 hours per day,40
1-2 hours per day,NA
31-60 minutes per day,1
1-2 hours per day,8
More than 3 hours per day,NA
31-60 minutes per day,24
1-2 hours per day,NA
10-30 minutes per day,NA
More than 3 hours per day,10
NA,NA
10-30 minutes per day,NA
NA,NA
1-2 hours per day,NA
31-60 minutes per day,NA
1-2 hours per day,NA
31-60 minutes per day,5
31-60 minutes per day,NA
10-30 minutes per day,NA
1-2 hours per day,5
NA,15
NA,10
More than 3 hours per day,NA
2-3 hours per day,40
10-30 minutes per day,38
More than 3 hours per day,3
More than 3 hours per day,NA
31-60 minutes per day,14
2-3 hours per day,NA
2-3 hours per day,10
2-3 hours per day,168
2-3 hours per day,NA
More than 3 hours per day,3
NA,NA
1-2 hours per day,NA
2-3 hours per day,NA
NA,NA
1-2 hours per day,NA
31-60 minutes per day,28
10-30 minutes per day,NA
NA,NA
More than 3 hours per day,5
31-60 minutes per day,NA
NA,NA
More than 3 hours per day,100
NA,NA
31-60 minutes per day,NA
1-2 hours per day,NA
31-60 minutes per day,NA
10-30 minutes per day,NA
NA,NA
2-3 hours per day,NA
31-60 minutes per day,NA
1-2 hours per day,1
More than 3 hours per day,1
10-30 minutes per day,NA
More than 3 hours per day,NA
10-30 minutes per day,NA
NA,NA
More than 3 hours per day,7
1-2 hours per day,NA
31-60 minutes per day,NA
31-60 minutes per day,NA
1-2 hours per day,NA
NA,NA
31-60 minutes per day,NA
10-30 minutes per day,NA
More than 3 hours per day,3
31-60 minutes per day,NA
NA,NA
1-2 hours per day,1
10-30 minutes per day,NA
2-3 hours per day,NA
2-3 hours per day,11
1-2 hours per day,NA
10-30 minutes per day,0
NA,NA
31-60 minutes per day,NA
31-60 minutes per day,NA
1-2 hours per day,NA
2-3 hours per day,NA
31-60 minutes per day,3
31-60 minutes per day,0
NA,NA
1-2 hours per day,10
NA,NA
More than 3 hours per day,2
NA,NA
2-3 hours per day,NA
NA,NA
Less than 10 minutes per day,1
NA,NA
More than 3 hours per day,NA
31-60 minutes per day,NA
31-60 minutes per day,NA
1-2 hours per day,NA
2-3 hours per day,1
31-60 minutes per day,NA
NA,NA
1-2 hours per day,3
31-60 minutes per day,125
31-60 minutes per day,NA
More than 3 hours per day,NA
NA,NA
More than 3 hours per day,3
NA,NA
31-60 minutes per day,NA
10-30 minutes per day,NA
Less than 10 minutes per day,NA
31-60 minutes per day,NA
NA,NA
31-60 minutes per day,1
2-3 hours per day,NA
NA,NA
More than 3 hours per day,NA
31-60 minutes per day,3
31-60 minutes per day,2
1-2 hours per day,NA
10-30 minutes per day,NA
31-60 minutes per day,4
More than 3 hours per day,NA
2-3 hours per day,NA
NA,1
NA,1
More than 3 hours per day,NA
31-60 minutes per day,NA
NA,NA
10-30 minutes per day,NA
NA,NA
NA,NA
2-3 hours per day,20
31-60 minutes per day,6
31-60 minutes per day,7
NA,NA
10-30 minutes per day,6
Less than 10 minutes per day,NA
2-3 hours per day,20
NA,1
NA,3
31-60 minutes per day,NA
10-30 minutes per day,13
2-3 hours per day,NA
NA,3
1-2 hours per day,NA
NA,14
NA,10
31-60 minutes per day,NA
NA,NA
More than 3 hours per day,NA
2-3 hours per day,NA
More than 3 hours per day,1
2-3 hours per day,NA
10-30 minutes per day,NA
2-3 hours per day,NA
NA,NA
More than 3 hours per day,16
10-30 minutes per day,NA
1-2 hours per day,NA
More than 3 hours per day,8
NA,NA
More than 3 hours per day,NA
1-2 hours per day,NA
10-30 minutes per day,NA
31-60 minutes per day,NA
2-3 hours per day,NA
10-30 minutes per day,NA
NA,NA
10-30 minutes per day,NA
31-60 minutes per day,NA
1-2 hours per day,3
2-3 hours per day,NA
More than 3 hours per day,0
1-2 hours per day,NA
2-3 hours per day,1
NA,NA
10-30 minutes per day,NA
31-60 minutes per day,NA
31-60 minutes per day,1
10-30 minutes per day,NA
1-2 hours per day,5
More than 3 hours per day,NA
10-30 minutes per day,NA
NA,NA
Less than 10 minutes per day,NA
2-3 hours per day,NA
NA,NA
10-30 minutes per day,NA
1-2 hours per day,NA
31-60 minutes per day,6
1-2 hours per day,6
1-2 hours per day,168
NA,NA
2-3 hours per day,3
31-60 minutes per day,NA
1-2 hours per day,NA
31-60 minutes per day,NA
NA,NA
More than 3 hours per day,NA
10-30 minutes per day,NA
NA,NA
NA,NA
10-30 minutes per day,NA
2-3 hours per day,1
2-3 hours per day,NA
2-3 hours per day,NA
NA,1
NA,2
31-60 minutes per day,NA
NA,NA
1-2 hours per day,10
2-3 hours per day,NA
NA,NA
NA,15
NA,15
Less than 10 minutes per day,6
10-30 minutes per day,NA
NA,NA
NA,NA
More than 3 hours per day,NA
NA,NA
31-60 minutes per day,0
NA,NA
More than 3 hours per day,NA
NA,7
NA,NA
31-60 minutes per day,NA
2-3 hours per day,1
NA,NA
2-3 hours per day,NA
More than 3 hours per day,NA
1-2 hours per day,NA
1-2 hours per day,NA
10-30 minutes per day,NA
NA,NA
NA,NA
More than 3 hours per day,6
1-2 hours per day,NA
NA,1
NA,1
More than 3 hours per day,NA
1-2 hours per day,NA
NA,NA
1-2 hours per day,NA
31-60 minutes per day,NA
31-60 minutes per day,NA
31-60 minutes per day,NA
31-60 minutes per day,100
More than 3 hours per day,10
NA,NA
More than 3 hours per day,NA
NA,NA
Less than 10 minutes per day,NA
31-60 minutes per day,24
More than 3 hours per day,3
More than 3 hours per day,15
1-2 hours per day,2
NA,NA
NA,NA
Less than 10 minutes per day,NA
NA,7
NA,1
More than 3 hours per day,32
NA,NA
2-3 hours per day,7
Less than 10 minutes per day,NA
10-30 minutes per day,NA
31-60 minutes per day,NA
NA,1
More than 3 hours per day,NA
NA,1
Less than 10 minutes per day,NA
Less than 10 minutes per day,NA
More than 3 hours per day,NA
2-3 hours per day,3
Less than 10 minutes per day,NA
Less than 10 minutes per day,0
31-60 minutes per day,1
2-3 hours per day,NA
1-2 hours per day,NA
NA,3
31-60 minutes per day,NA
NA,17
2-3 hours per day,NA
1-2 hours per day,NA
NA,NA
10-30 minutes per day,NA
10-30 minutes per day,NA
10-30 minutes per day,4
2-3 hours per day,NA
31-60 minutes per day,7
1-2 hours per day,0
31-60 minutes per day,NA
More than 3 hours per day,NA
More than 3 hours per day,NA
2-3 hours per day,NA
31-60 minutes per day,5
1-2 hours per day,1
More than 3 hours per day,60
More than 3 hours per day,32
31-60 minutes per day,NA
2-3 hours per day,1
31-60 minutes per day,NA
NA,NA
2-3 hours per day,NA
NA,NA
10-30 minutes per day,5
NA,NA
2-3 hours per day,NA
10-30 minutes per day,3
More than 3 hours per day,80
31-60 minutes per day,3
31-60 minutes per day,NA
NA,NA
NA,NA
2-3 hours per day,NA
2-3 hours per day,35
NA,NA
NA,NA
31-60 minutes per day,NA
Less than 10 minutes per day,NA
1-2 hours per day,3
31-60 minutes per day,NA
10-30 minutes per day,NA
10-30 minutes per day,NA
31-60 minutes per day,NA
1-2 hours per day,NA
NA,NA
NA,NA
10-30 minutes per day,NA
NA,NA
31-60 minutes per day,12
31-60 minutes per day,NA
NA,3
2-3 hours per day,NA
10-30 minutes per day,NA
NA,NA
NA,NA
More than 3 hours per day,NA
NA,NA
NA,NA
2-3 hours per day,NA
31-60 minutes per day,NA
2-3 hours per day,70
NA,NA
10-30 minutes per day,NA
2-3 hours per day,14
NA,NA
2-3 hours per day,NA
More than 3 hours per day,NA
NA,NA
1-2 hours per day,4
More than 3 hours per day,NA
NA,NA
2-3 hours per day,28
More than 3 hours per day,7
31-60 minutes per day,NA
31-60 minutes per day,6
NA,0
NA,2
31-60 minutes per day,NA
NA,NA
31-60 minutes per day,NA
Less than 10 minutes per day,4
NA,NA
1-2 hours per day,NA
NA,NA
NA,NA
10-30 minutes per day,6
Less than 10 minutes per day,NA
10-30 minutes per day,NA
NA,NA
1-2 hours per day,NA
2-3 hours per day,NA
NA,NA
NA,NA
NA,NA
31-60 minutes per day,0
NA,NA
31-60 minutes per day,NA
2-3 hours per day,10
NA,NA
10-30 minutes per day,5
More than 3 hours per day,NA
NA,NA
2-3 hours per day,16
2-3 hours per day,NA
31-60 minutes per day,NA
31-60 minutes per day,NA
1-2 hours per day,NA
31-60 minutes per day,0
31-60 minutes per day,NA
31-60 minutes per day,NA
NA,NA
NA,NA
10-30 minutes per day,NA
2-3 hours per day,NA
31-60 minutes per day,NA
NA,NA
More than 3 hours per day,NA
NA,NA
10-30 minutes per day,NA
31-60 minutes per day,2
Less than 10 minutes per day,14
1-2 hours per day,NA
10-30 minutes per day,NA
Less than 10 minutes per day,NA
NA,NA
2-3 hours per day,NA
10-30 minutes per day,NA
More than 3 hours per day,4
More than 3 hours per day,NA
NA,NA
1-2 hours per day,NA
NA,NA
2-3 hours per day,10
More than 3 hours per day,5
More than 3 hours per day,NA
NA,2
NA,1
10-30 minutes per day,NA
10-30 minutes per day,NA
1-2 hours per day,44
More than 3 hours per day,NA
2-3 hours per day,NA
NA,20
31-60 minutes per day,NA
More than 3 hours per day,5
1-2 hours per day,2
31-60 minutes per day,NA
NA,NA
10-30 minutes per day,6
NA,NA
NA,NA
More than 3 hours per day,NA
31-60 minutes per day,NA
31-60 minutes per day,NA
1-2 hours per day,2
1-2 hours per day,NA
NA,NA
31-60 minutes per day,NA
NA,NA
1-2 hours per day,NA
1-2 hours per day,NA
More than 3 hours per day,13
NA,NA
1-2 hours per day,NA
10-30 minutes per day,NA
10-30 minutes per day,NA
31-60 minutes per day,4
More than 3 hours per day,NA
31-60 minutes per day,NA
2-3 hours per day,3
NA,NA
NA,NA
NA,NA
10-30 minutes per day,NA
2-3 hours per day,NA
31-60 minutes per day,NA
More than 3 hours per day,NA
NA,2
NA,4
1-2 hours per day,NA
More than 3 hours per day,NA
1-2 hours per day,8
10-30 minutes per day,NA
Presented but no response,NA
10-30 minutes per day,NA
2-3 hours per day,100
NA,NA
1-2 hours per day,NA
1-2 hours per day,13
1-2 hours per day,NA
1-2 hours per day,NA
NA,NA
1-2 hours per day,5
31-60 minutes per day,NA
NA,15
More than 3 hours per day,NA
31-60 minutes per day,NA
More than 3 hours per day,4
31-60 minutes per day,5
10-30 minutes per day,1
1-2 hours per day,NA
NA,NA
NA,NA
1-2 hours per day,2
1-2 hours per day,8
2-3 hours per day,NA
10-30 minutes per day,NA
2-3 hours per day,NA
10-30 minutes per day,NA
More than 3 hours per day,NA
More than 3 hours per day,NA
10-30 minutes per day,NA
NA,6
NA,1
More than 3 hours per day,14
10-30 minutes per day,7
NA,NA
31-60 minutes per day,NA
More than 3 hours per day,NA
1-2 hours per day,10
NA,NA
2-3 hours per day,6
NA,NA
1-2 hours per day,NA
2-3 hours per day,NA
10-30 minutes per day,NA
1-2 hours per day,NA
More than 3 hours per day,0
10-30 minutes per day,NA
1-2 hours per day,NA
1-2 hours per day,NA
NA,NA
2-3 hours per day,5
2-3 hours per day,NA
1-2 hours per day,NA
1-2 hours per day,2
10-30 minutes per day,NA
10-30 minutes per day,12
NA,NA
NA,NA
1-2 hours per day,NA
NA,NA
NA,30
31-60 minutes per day,NA
NA,30
More than 3 hours per day,NA
NA,1
NA,1
2-3 hours per day,NA
31-60 minutes per day,NA
NA,NA
1-2 hours per day,3
10-30 minutes per day,NA
1-2 hours per day,NA
Less than 10 minutes per day,3
10-30 minutes per day,NA
NA,NA
10-30 minutes per day,NA
1-2 hours per day,NA
1-2 hours per day,NA
NA,1
More than 3 hours per day,NA
NA,2
NA,NA
NA,NA
31-60 minutes per day,NA
NA,NA
Less than 10 minutes per day,NA
2-3 hours per day,NA
2-3 hours per day,NA
NA,NA
NA,NA
31-60 minutes per day,NA
NA,NA
1-2 hours per day,NA
1-2 hours per day,NA
1-2 hours per day,NA
Less than 10 minutes per day,NA
1-2 hours per day,35
31-60 minutes per day,NA
31-60 minutes per day,3
1-2 hours per day,NA
31-60 minutes per day,1
10-30 minutes per day,NA
More than 3 hours per day,NA
10-30 minutes per day,NA
10-30 minutes per day,3
More than 3 hours per day,7
NA,NA
31-60 minutes per day,NA
Less than 10 minutes per day,NA
More than 3 hours per day,NA
NA,NA
31-60 minutes per day,NA
10-30 minutes per day,NA
2-3 hours per day,NA
31-60 minutes per day,NA
More than 3 hours per day,3
More than 3 hours per day,35
2-3 hours per day,35
NA,NA
10-30 minutes per day,NA
1-2 hours per day,NA
More than 3 hours per day,3
1-2 hours per day,NA
NA,NA
NA,6
More than 3 hours per day,NA
NA,NA
More than 3 hours per day,NA
31-60 minutes per day,1
31-60 minutes per day,NA
31-60 minutes per day,NA
10-30 minutes per day,6
NA,NA
1-2 hours per day,NA
NA,NA
31-60 minutes per day,NA
1-2 hours per day,NA
2-3 hours per day,NA
1-2 hours per day,NA
NA,NA
31-60 minutes per day,10
1-2 hours per day,8
10-30 minutes per day,NA
NA,30
NA,30
NA,NA
Less than 10 minutes per day,NA
More than 3 hours per day,NA
NA,NA
31-60 minutes per day,NA
10-30 minutes per day,10
NA,NA
31-60 minutes per day,NA
NA,NA
2-3 hours per day,NA
2-3 hours per day,NA
NA,NA
2-3 hours per day,10
2-3 hours per day,NA
NA,NA
NA,NA
1-2 hours per day,NA
31-60 minutes per day,NA
NA,NA
31-60 minutes per day,4
More than 3 hours per day,NA
2-3 hours per day,NA
10-30 minutes per day,NA
31-60 minutes per day,NA
More than 3 hours per day,8
NA,NA
10-30 minutes per day,NA
More than 3 hours per day,NA
31-60 minutes per day,NA
NA,NA
1-2 hours per day,3
31-60 minutes per day,45
More than 3 hours per day,NA
NA,NA
NA,NA
2-3 hours per day,NA
More than 3 hours per day,NA
31-60 minutes per day,3
Less than 10 minutes per day,5
1-2 hours per day,43
More than 3 hours per day,6
More than 3 hours per day,20
More than 3 hours per day,NA
1-2 hours per day,NA
Less than 10 minutes per day,NA
1-2 hours per day,35
NA,NA
Less than 10 minutes per day,NA
31-60 minutes per day,NA
31-60 minutes per day,NA
31-60 minutes per day,NA
NA,NA
1-2 hours per day,10
NA,NA
NA,NA
31-60 minutes per day,NA
More than 3 hours per day,NA
2-3 hours per day,10
More than 3 hours per day,NA
31-60 minutes per day,NA
NA,NA
NA,NA
2-3 hours per day,NA
NA,NA
More than 3 hours per day,10
31-60 minutes per day,NA
1-2 hours per day,NA
NA,NA
NA,NA
1-2 hours per day,NA
NA,3
2-3 hours per day,NA
NA,0
10-30 minutes per day,0
31-60 minutes per day,NA
1-2 hours per day,NA
31-60 minutes per day,NA
NA,NA
1-2 hours per day,NA
2-3 hours per day,NA
NA,NA
NA,NA
2-3 hours per day,NA
31-60 minutes per day,35
31-60 minutes per day,1
31-60 minutes per day,10
NA,NA
31-60 minutes per day,NA
10-30 minutes per day,NA
More than 3 hours per day,NA
1-2 hours per day,NA
NA,NA
NA,NA
NA,NA
2-3 hours per day,2
2-3 hours per day,NA
31-60 minutes per day,NA
More than 3 hours per day,NA
More than 3 hours per day,1
1-2 hours per day,4
NA,NA
31-60 minutes per day,10
31-60 minutes per day,14
2-3 hours per day,2
10-30 minutes per day,NA
10-30 minutes per day,NA
Less than 10 minutes per day,NA
NA,NA
2-3 hours per day,NA
2-3 hours per day,NA
1-2 hours per day,7
NA,NA
More than 3 hours per day,NA
10-30 minutes per day,NA
10-30 minutes per day,NA
10-30 minutes per day,NA
10-30 minutes per day,NA
1-2 hours per day,NA
2-3 hours per day,10
Less than 10 minutes per day,15
NA,NA
31-60 minutes per day,3
1-2 hours per day,4
NA,NA
NA,NA
NA,NA
More than 3 hours per day,7
31-60 minutes per day,NA
1-2 hours per day,NA
NA,6
10-30 minutes per day,NA
More than 3 hours per day,25
NA,NA
More than 3 hours per day,5
2-3 hours per day,1
10-30 minutes per day,1
More than 3 hours per day,NA
31-60 minutes per day,NA
2-3 hours per day,7
2-3 hours per day,NA
1-2 hours per day,NA
More than 3 hours per day,NA
NA,NA
NA,NA
1-2 hours per day,14
10-30 minutes per day,3
NA,NA
31-60 minutes per day,50
31-60 minutes per day,NA
2-3 hours per day,NA
NA,NA
NA,NA
NA,NA
1-2 hours per day,10
More than 3 hours per day,NA
NA,NA
1-2 hours per day,NA
31-60 minutes per day,NA
31-60 minutes per day,NA
31-60 minutes per day,13
31-60 minutes per day,NA
NA,NA
31-60 minutes per day,4
NA,NA
10-30 minutes per day,NA
NA,NA
2-3 hours per day,NA
More than 3 hours per day,NA
31-60 minutes per day,NA
2-3 hours per day,0
Less than 10 minutes per day,NA
31-60 minutes per day,44
NA,NA
31-60 minutes per day,NA
31-60 minutes per day,1
31-60 minutes per day,NA
NA,NA
2-3 hours per day,2
More than 3 hours per day,NA
1-2 hours per day,10
1-2 hours per day,NA
2-3 hours per day,24
31-60 minutes per day,NA
1-2 hours per day,NA
1-2 hours per day,2
10-30 minutes per day,NA
10-30 minutes per day,5
More than 3 hours per day,NA
NA,NA
31-60 minutes per day,4
NA,NA
NA,NA
31-60 minutes per day,NA
1-2 hours per day,NA
1-2 hours per day,NA
More than 3 hours per day,3
NA,NA
Presented but no response,NA
1-2 hours per day,NA
NA,NA
NA,NA
10-30 minutes per day,NA
NA,NA
10-30 minutes per day,7
1-2 hours per day,NA
More than 3 hours per day,7
10-30 minutes per day,NA
NA,NA
2-3 hours per day,NA
NA,3
NA,2
Less than 10 minutes per day,NA
NA,NA
31-60 minutes per day,NA
NA,2
NA,8
2-3 hours per day,NA
1-2 hours per day,10
2-3 hours per day,NA
NA,2
31-60 minutes per day,NA
1-2 hours per day,NA
NA,NA
NA,24
10-30 minutes per day,NA
NA,8
31-60 minutes per day,NA
2-3 hours per day,NA
NA,NA
10-30 minutes per day,NA
10-30 minutes per day,10
31-60 minutes per day,NA
More than 3 hours per day,NA
31-60 minutes per day,NA
10-30 minutes per day,NA
31-60 minutes per day,NA
31-60 minutes per day,NA
NA,NA
1-2 hours per day,3
10-30 minutes per day,2
NA,NA
1-2 hours per day,NA
31-60 minutes per day,NA
NA,NA
10-30 minutes per day,NA
10-30 minutes per day,1
31-60 minutes per day,2
31-60 minutes per day,NA
10-30 minutes per day,NA
31-60 minutes per day,NA
31-60 minutes per day,NA
1-2 hours per day,NA
2-3 hours per day,5
1-2 hours per day,111
1-2 hours per day,NA
More than 3 hours per day,NA
2-3 hours per day,1
NA,NA
31-60 minutes per day,5
31-60 minutes per day,3
NA,NA
NA,NA
NA,NA
31-60 minutes per day,NA
2-3 hours per day,NA
10-30 minutes per day,10
1-2 hours per day,NA
31-60 minutes per day,NA
More than 3 hours per day,150
1-2 hours per day,NA
10-30 minutes per day,4
31-60 minutes per day,NA
NA,NA
NA,NA
NA,NA
10-30 minutes per day,NA
NA,NA
More than 3 hours per day,NA
31-60 minutes per day,12
31-60 minutes per day,8
2-3 hours per day,NA
1-2 hours per day,NA
NA,NA
NA,10
10-30 minutes per day,NA
NA,6
10-30 minutes per day,NA
More than 3 hours per day,NA
31-60 minutes per day,NA
31-60 minutes per day,60
2-3 hours per day,9
2-3 hours per day,NA
10-30 minutes per day,NA
31-60 minutes per day,10
31-60 minutes per day,NA
31-60 minutes per day,18
2-3 hours per day,NA
2-3 hours per day,NA
1-2 hours per day,10
NA,NA
1-2 hours per day,NA
1-2 hours per day,NA
31-60 minutes per day,NA
31-60 minutes per day,NA
31-60 minutes per day,NA
Less than 10 minutes per day,NA
1-2 hours per day,NA
More than 3 hours per day,NA
10-30 minutes per day,NA
Less than 10 minutes per day,NA
NA,NA
1-2 hours per day,NA
NA,NA
2-3 hours per day,NA
2-3 hours per day,NA
NA,NA
More than 3 hours per day,30
10-30 minutes per day,0
NA,NA
NA,NA
More than 3 hours per day,NA
NA,5
More than 3 hours per day,5
NA,NA
More than 3 hours per day,NA
More than 3 hours per day,35
10-30 minutes per day,NA
1-2 hours per day,NA
NA,9
More than 3 hours per day,NA
Less than 10 minutes per day,NA
2-3 hours per day,NA
More than 3 hours per day,NA
31-60 minutes per day,NA
2-3 hours per day,5
NA,NA
1-2 hours per day,NA
1-2 hours per day,2
31-60 minutes per day,NA
1-2 hours per day,NA
31-60 minutes per day,NA
10-30 minutes per day,NA
1-2 hours per day,NA
10-30 minutes per day,150
10-30 minutes per day,NA
NA,NA
1-2 hours per day,NA
NA,3
NA,3
31-60 minutes per day,12
1-2 hours per day,NA
NA,NA
NA,NA
NA,NA
31-60 minutes per day,NA
2-3 hours per day,11
Less than 10 minutes per day,NA
More than 3 hours per day,NA
31-60 minutes per day,13
10-30 minutes per day,NA
2-3 hours per day,NA
10-30 minutes per day,NA
10-30 minutes per day,NA
More than 3 hours per day,10
More than 3 hours per day,4
NA,8
NA,7
1-2 hours per day,NA
2-3 hours per day,1
31-60 minutes per day,NA
NA,1
2-3 hours per day,NA
NA,3
1-2 hours per day,NA
Less than 10 minutes per day,14
NA,NA
2-3 hours per day,7
10-30 minutes per day,NA
1-2 hours per day,1
NA,NA
10-30 minutes per day,10
2-3 hours per day,NA
NA,NA
1-2 hours per day,10
More than 3 hours per day,NA
31-60 minutes per day,NA
10-30 minutes per day,NA
10-30 minutes per day,NA
31-60 minutes per day,8
More than 3 hours per day,NA
NA,NA
31-60 minutes per day,10
2-3 hours per day,10
More than 3 hours per day,NA
1-2 hours per day,NA
2-3 hours per day,NA
2-3 hours per day,50
NA,NA
10-30 minutes per day,NA
10-30 minutes per day,0
31-60 minutes per day,3
More than 3 hours per day,2
More than 3 hours per day,NA
1-2 hours per day,2
1-2 hours per day,NA
NA,NA
Less than 10 minutes per day,NA
10-30 minutes per day,NA
1-2 hours per day,NA
31-60 minutes per day,NA
31-60 minutes per day,NA
31-60 minutes per day,NA
NA,NA
1-2 hours per day,NA
31-60 minutes per day,10
NA,10
2-3 hours per day,NA
NA,5
1-2 hours per day,NA
NA,NA
1-2 hours per day,10
NA,NA
1-2 hours per day,1
NA,NA
10-30 minutes per day,NA
NA,6
1-2 hours per day,NA
NA,4
31-60 minutes per day,NA
31-60 minutes per day,NA
2-3 hours per day,NA
NA,NA
NA,NA
1-2 hours per day,NA
2-3 hours per day,NA
Less than 10 minutes per day,40
1-2 hours per day,NA
Less than 10 minutes per day,NA
More than 3 hours per day,NA
1-2 hours per day,3
NA,14
10-30 minutes per day,NA
31-60 minutes per day,5
2-3 hours per day,NA
More than 3 hours per day,5
10-30 minutes per day,NA
1-2 hours per day,NA
31-60 minutes per day,5
10-30 minutes per day,132
10-30 minutes per day,NA
More than 3 hours per day,NA
31-60 minutes per day,NA
2-3 hours per day,NA
31-60 minutes per day,NA
31-60 minutes per day,1
NA,NA
2-3 hours per day,NA
More than 3 hours per day,4
More than 3 hours per day,NA
NA,NA
Less than 10 minutes per day,11
10-30 minutes per day,NA
NA,NA
10-30 minutes per day,4
More than 3 hours per day,6
NA,NA
NA,NA
1-2 hours per day,NA
31-60 minutes per day,28
1-2 hours per day,2
NA,NA
More than 3 hours per day,NA
Less than 10 minutes per day,NA
NA,NA
31-60 minutes per day,8
More than 3 hours per day,NA
NA,NA
31-60 minutes per day,NA
2-3 hours per day,20
NA,NA
2-3 hours per day,10
NA,NA
Less than 10 minutes per day,NA
10-30 minutes per day,NA
2-3 hours per day,10
31-60 minutes per day,2
NA,NA
Less than 10 minutes per day,NA
31-60 minutes per day,NA
NA,NA
31-60 minutes per day,6
2-3 hours per day,NA
2-3 hours per day,NA
10-30 minutes per day,NA
10-30 minutes per day,NA
NA,NA
NA,NA
1-2 hours per day,NA
NA,1
31-60 minutes per day,NA
NA,1
2-3 hours per day,NA
2-3 hours per day,NA
More than 3 hours per day,NA
NA,1
NA,30
1-2 hours per day,NA
More than 3 hours per day,25
More than 3 hours per day,NA
Less than 10 minutes per day,NA
2-3 hours per day,10
Presented but no response,NA
NA,NA
31-60 minutes per day,NA
1-2 hours per day,0
1-2 hours per day,NA
1-2 hours per day,NA
Less than 10 minutes per day,NA
2-3 hours per day,8
NA,NA
NA,NA
More than 3 hours per day,NA
Less than 10 minutes per day,NA
2-3 hours per day,NA
31-60 minutes per day,NA
31-60 minutes per day,35
NA,NA
31-60 minutes per day,NA
2-3 hours per day,NA
31-60 minutes per day,NA
1-2 hours per day,NA
More than 3 hours per day,NA
Less than 10 minutes per day,NA
NA,NA
Presented but no response,NA
NA,NA
NA,NA
More than 3 hours per day,NA
1-2 hours per day,NA
1-2 hours per day,NA
10-30 minutes per day,3
10-30 minutes per day,16
NA,NA
NA,NA
2-3 hours per day,NA
NA,NA
31-60 minutes per day,NA
31-60 minutes per day,2
NA,NA
10-30 minutes per day,NA
10-30 minutes per day,2
10-30 minutes per day,NA
31-60 minutes per day,NA
31-60 minutes per day,NA
1-2 hours per day,NA
NA,NA
NA,NA
1-2 hours per day,NA
31-60 minutes per day,8
10-30 minutes per day,NA
10-30 minutes per day,NA
1-2 hours per day,NA
1-2 hours per day,8
NA,NA
Presented but no response,NA
More than 3 hours per day,NA
31-60 minutes per day,NA
31-60 minutes per day,NA
NA,NA
NA,NA
10-30 minutes per day,1
31-60 minutes per day,3
More than 3 hours per day,3
NA,NA
10-30 minutes per day,NA
NA,NA
1-2 hours per day,NA
31-60 minutes per day,NA
31-60 minutes per day,NA
NA,NA
NA,NA
1-2 hours per day,NA
Less than 10 minutes per day,2
10-30 minutes per day,NA
NA,NA
1-2 hours per day,NA
31-60 minutes per day,4
31-60 minutes per day,NA
1-2 hours per day,NA
NA,NA
31-60 minutes per day,NA
NA,NA
10-30 minutes per day,NA
NA,NA
10-30 minutes per day,NA
NA,NA
31-60 minutes per day,8
More than 3 hours per day,NA
More than 3 hours per day,NA
NA,NA
2-3 hours per day,5
10-30 minutes per day,NA
1-2 hours per day,NA
Presented but no response,12
2-3 hours per day,NA
10-30 minutes per day,NA
More than 3 hours per day,NA
NA,NA
NA,NA
31-60 minutes per day,NA
10-30 minutes per day,NA
NA,NA
Less than 10 minutes per day,NA
31-60 minutes per day,NA
NA,NA
10-30 minutes per day,NA
10-30 minutes per day,NA
31-60 minutes per day,NA
NA,NA
NA,NA
1-2 hours per day,NA
1-2 hours per day,11
31-60 minutes per day,NA
31-60 minutes per day,NA
More than 3 hours per day,NA
31-60 minutes per day,8
NA,NA
NA,NA
NA,6
10-30 minutes per day,NA
NA,1
NA,NA
Less than 10 minutes per day,NA
NA,3
2-3 hours per day,NA
NA,2
1-2 hours per day,NA
NA,NA
More than 3 hours per day,NA
1-2 hours per day,10
NA,NA
10-30 minutes per day,NA
10-30 minutes per day,NA
10-30 minutes per day,NA
2-3 hours per day,NA
NA,NA
1-2 hours per day,NA
NA,NA
10-30 minutes per day,NA
31-60 minutes per day,8
1-2 hours per day,15
2-3 hours per day,8
10-30 minutes per day,5
31-60 minutes per day,NA
31-60 minutes per day,NA
1-2 hours per day,28
1-2 hours per day,14
1-2 hours per day,26
More than 3 hours per day,NA
31-60 minutes per day,70
10-30 minutes per day,NA
1-2 hours per day,NA
1-2 hours per day,NA
1-2 hours per day,NA
31-60 minutes per day,NA
1-2 hours per day,NA
31-60 minutes per day,NA
31-60 minutes per day,NA
NA,NA
1-2 hours per day,NA
31-60 minutes per day,NA
10-30 minutes per day,NA
1-2 hours per day,12
2-3 hours per day,NA
10-30 minutes per day,NA
1-2 hours per day,NA
10-30 minutes per day,3
More than 3 hours per day,2
2-3 hours per day,NA
2-3 hours per day,NA
2-3 hours per day,NA
31-60 minutes per day,NA
31-60 minutes per day,NA
NA,NA
2-3 hours per day,NA
1-2 hours per day,NA
More than 3 hours per day,4
10-30 minutes per day,NA
2-3 hours per day,NA
1-2 hours per day,NA
NA,11
2-3 hours per day,NA
31-60 minutes per day,168
NA,NA
31-60 minutes per day,NA
1-2 hours per day,5
1-2 hours per day,10
31-60 minutes per day,30
2-3 hours per day,NA
31-60 minutes per day,8
Less than 10 minutes per day,1
Less than 10 minutes per day,NA
NA,30
NA,30
More than 3 hours per day,NA
10-30 minutes per day,NA
NA,NA
2-3 hours per day,NA
More than 3 hours per day,60
More than 3 hours per day,NA
1-2 hours per day,NA
NA,NA
NA,NA
NA,NA
More than 3 hours per day,7
10-30 minutes per day,5
31-60 minutes per day,NA
1-2 hours per day,7
NA,NA
2-3 hours per day,NA
More than 3 hours per day,12
31-60 minutes per day,NA
NA,30
NA,14
NA,NA
31-60 minutes per day,NA
10-30 minutes per day,NA
More than 3 hours per day,2
NA,NA
2-3 hours per day,NA
2-3 hours per day,NA
NA,NA
NA,NA
31-60 minutes per day,4
1-2 hours per day,0
31-60 minutes per day,NA
2-3 hours per day,NA
NA,NA
2-3 hours per day,12
1-2 hours per day,3
10-30 minutes per day,NA
NA,NA
10-30 minutes per day,14
10-30 minutes per day,NA
2-3 hours per day,NA
NA,NA
2-3 hours per day,NA
31-60 minutes per day,7
31-60 minutes per day,NA
31-60 minutes per day,0
1-2 hours per day,NA
NA,NA
NA,NA
31-60 minutes per day,NA
10-30 minutes per day,NA
More than 3 hours per day,10
NA,NA
1-2 hours per day,NA
NA,16
1-2 hours per day,NA
NA,4
31-60 minutes per day,NA
31-60 minutes per day,NA
1-2 hours per day,30
NA,15
NA,4
10-30 minutes per day,NA
31-60 minutes per day,NA
31-60 minutes per day,NA
10-30 minutes per day,NA
NA,NA
2-3 hours per day,NA
NA,NA
NA,NA
10-30 minutes per day,NA
NA,8
NA,2
More than 3 hours per day,NA
NA,NA
1-2 hours per day,NA
10-30 minutes per day,NA
31-60 minutes per day,NA
2-3 hours per day,8
31-60 minutes per day,35
1-2 hours per day,NA
31-60 minutes per day,NA
31-60 minutes per day,NA
10-30 minutes per day,NA
NA,NA
31-60 minutes per day,NA
10-30 minutes per day,NA
1-2 hours per day,NA
31-60 minutes per day,NA
NA,NA
10-30 minutes per day,NA
1-2 hours per day,NA
NA,NA
1-2 hours per day,NA
1-2 hours per day,NA
10-30 minutes per day,3
NA,4
31-60 minutes per day,NA
10-30 minutes per day,NA
More than 3 hours per day,0
1-2 hours per day,5
2-3 hours per day,NA
More than 3 hours per day,21
More than 3 hours per day,NA
1-2 hours per day,NA
1-2 hours per day,NA
31-60 minutes per day,4
1-2 hours per day,25
NA,NA
10-30 minutes per day,4
2-3 hours per day,NA
Less than 10 minutes per day,NA
31-60 minutes per day,NA
1-2 hours per day,NA
NA,NA
NA,NA
2-3 hours per day,NA
1-2 hours per day,NA
More than 3 hours per day,2
31-60 minutes per day,NA
NA,NA
NA,NA
31-60 minutes per day,5
2-3 hours per day,NA
10-30 minutes per day,NA
NA,NA
2-3 hours per day,40
31-60 minutes per day,NA
Less than 10 minutes per day,NA
NA,NA
10-30 minutes per day,NA
NA,4
NA,3
NA,3
1-2 hours per day,NA
1-2 hours per day,NA
31-60 minutes per day,NA
1-2 hours per day,NA
1-2 hours per day,NA
NA,NA
2-3 hours per day,NA
NA,NA
More than 3 hours per day,2
31-60 minutes per day,NA
NA,14
NA,6
NA,NA
1-2 hours per day,NA
2-3 hours per day,NA
NA,3
NA,3
NA,NA
2-3 hours per day,NA
1-2 hours per day,14
NA,NA
NA,NA
31-60 minutes per day,15
NA,NA
NA,NA
Less than 10 minutes per day,35
10-30 minutes per day,NA
NA,NA
31-60 minutes per day,8
NA,NA
More than 3 hours per day,NA
NA,NA
31-60 minutes per day,NA
1-2 hours per day,1
10-30 minutes per day,NA
10-30 minutes per day,22
10-30 minutes per day,NA
31-60 minutes per day,NA
1-2 hours per day,1
31-60 minutes per day,2
31-60 minutes per day,3
2-3 hours per day,4
1-2 hours per day,4
31-60 minutes per day,30
2-3 hours per day,NA
2-3 hours per day,NA
More than 3 hours per day,NA
31-60 minutes per day,NA
NA,1
1-2 hours per day,NA
1-2 hours per day,NA
NA,4
10-30 minutes per day,NA
More than 3 hours per day,NA
More than 3 hours per day,1
31-60 minutes per day,NA
10-30 minutes per day,NA
More than 3 hours per day,2
NA,NA
2-3 hours per day,7
1-2 hours per day,NA
More than 3 hours per day,NA
Less than 10 minutes per day,NA
2-3 hours per day,12
1-2 hours per day,NA
1-2 hours per day,15
2-3 hours per day,NA
1-2 hours per day,NA
2-3 hours per day,2
1-2 hours per day,NA
31-60 minutes per day,NA
10-30 minutes per day,160
10-30 minutes per day,NA
2-3 hours per day,20
10-30 minutes per day,NA
NA,NA
More than 3 hours per day,NA
2-3 hours per day,2
NA,NA
1-2 hours per day,NA
10-30 minutes per day,NA
31-60 minutes per day,NA
More than 3 hours per day,NA
31-60 minutes per day,2
More than 3 hours per day,NA
10-30 minutes per day,NA
31-60 minutes per day,NA
2-3 hours per day,6
31-60 minutes per day,15
More than 3 hours per day,NA
31-60 minutes per day,28
Less than 10 minutes per day,NA
10-30 minutes per day,0
31-60 minutes per day,NA
1-2 hours per day,2
1-2 hours per day,100
1-2 hours per day,NA
31-60 minutes per day,NA
10-30 minutes per day,9
Less than 10 minutes per day,NA
NA,0
NA,30
31-60 minutes per day,10
1-2 hours per day,10
NA,NA
Less than 10 minutes per day,NA
NA,30
NA,3
2-3 hours per day,14
31-60 minutes per day,NA
NA,NA
1-2 hours per day,NA
2-3 hours per day,NA
NA,NA
2-3 hours per day,24
1-2 hours per day,1
31-60 minutes per day,NA
31-60 minutes per day,1
31-60 minutes per day,1
NA,NA
10-30 minutes per day,NA
31-60 minutes per day,NA
31-60 minutes per day,NA
NA,NA
NA,5
NA,3
1-2 hours per day,NA
More than 3 hours per day,5
1-2 hours per day,15
31-60 minutes per day,NA
NA,NA
More than 3 hours per day,NA
2-3 hours per day,NA
2-3 hours per day,25
Less than 10 minutes per day,NA
31-60 minutes per day,NA
10-30 minutes per day,5
10-30 minutes per day,NA
31-60 minutes per day,NA
1-2 hours per day,2
2-3 hours per day,NA
2-3 hours per day,NA
1-2 hours per day,NA
NA,NA
10-30 minutes per day,NA
1-2 hours per day,10
31-60 minutes per day,NA
1-2 hours per day,NA
10-30 minutes per day,NA
1-2 hours per day,NA
1-2 hours per day,NA
2-3 hours per day,24
1-2 hours per day,30
1-2 hours per day,NA
10-30 minutes per day,NA
1-2 hours per day,NA
NA,NA
More than 3 hours per day,NA
NA,NA
31-60 minutes per day,13
10-30 minutes per day,NA
10-30 minutes per day,NA
2-3 hours per day,NA
10-30 minutes per day,NA
1-2 hours per day,6
10-30 minutes per day,NA
1-2 hours per day,8
1-2 hours per day,NA
More than 3 hours per day,6
1-2 hours per day,4
10-30 minutes per day,9
NA,0
1-2 hours per day,NA
NA,5
10-30 minutes per day,10
NA,1
NA,1
More than 3 hours per day,NA
2-3 hours per day,NA
More than 3 hours per day,NA
10-30 minutes per day,24
NA,NA
More than 3 hours per day,NA
31-60 minutes per day,20
2-3 hours per day,NA
10-30 minutes per day,NA
1-2 hours per day,NA
NA,NA
NA,NA
31-60 minutes per day,5
31-60 minutes per day,NA
31-60 minutes per day,NA
10-30 minutes per day,NA
NA,NA
More than 3 hours per day,70
1-2 hours per day,NA
NA,NA
31-60 minutes per day,NA
NA,NA
1-2 hours per day,2
NA,NA
1-2 hours per day,NA
Presented but no response,NA
31-60 minutes per day,NA
NA,NA
More than 3 hours per day,NA
1-2 hours per day,3
10-30 minutes per day,NA
31-60 minutes per day,NA
NA,NA
1-2 hours per day,NA
1-2 hours per day,NA
31-60 minutes per day,20
NA,NA
10-30 minutes per day,NA
2-3 hours per day,NA
1-2 hours per day,10
NA,3
2-3 hours per day,NA
NA,4
31-60 minutes per day,NA
10-30 minutes per day,NA
NA,NA
10-30 minutes per day,6
NA,NA
More than 3 hours per day,NA
NA,NA
10-30 minutes per day,NA
10-30 minutes per day,1
1-2 hours per day,NA
1-2 hours per day,NA
31-60 minutes per day,1
More than 3 hours per day,NA
More than 3 hours per day,NA
NA,NA
2-3 hours per day,0
10-30 minutes per day,NA
1-2 hours per day,5
NA,30
NA,6
NA,NA
31-60 minutes per day,1
31-60 minutes per day,NA
NA,NA
2-3 hours per day,23
NA,NA
31-60 minutes per day,5
1-2 hours per day,3
31-60 minutes per day,2
NA,NA
1-2 hours per day,0
2-3 hours per day,NA
NA,NA
Less than 10 minutes per day,NA
2-3 hours per day,NA
2-3 hours per day,30
NA,NA
1-2 hours per day,NA
Less than 10 minutes per day,NA
More than 3 hours per day,NA
NA,NA
2-3 hours per day,50
Less than 10 minutes per day,NA
NA,NA
31-60 minutes per day,15
2-3 hours per day,NA
NA,NA
10-30 minutes per day,NA
10-30 minutes per day,NA
1-2 hours per day,NA
NA,NA
More than 3 hours per day,NA
NA,NA
Less than 10 minutes per day,NA
10-30 minutes per day,NA
NA,NA
Less than 10 minutes per day,NA
NA,NA
NA,NA
31-60 minutes per day,NA
10-30 minutes per day,NA
10-30 minutes per day,3
More than 3 hours per day,NA
31-60 minutes per day,NA
1-2 hours per day,NA
10-30 minutes per day,36
2-3 hours per day,0
10-30 minutes per day,NA
1-2 hours per day,NA
1-2 hours per day,60
NA,NA
10-30 minutes per day,3
More than 3 hours per day,0
More than 3 hours per day,145
2-3 hours per day,NA
31-60 minutes per day,NA
10-30 minutes per day,NA
1-2 hours per day,NA
1-2 hours per day,NA
31-60 minutes per day,8
1-2 hours per day,NA
10-30 minutes per day,NA
Less than 10 minutes per day,4
NA,NA
2-3 hours per day,NA
NA,2
2-3 hours per day,NA
NA,2
1-2 hours per day,5
1-2 hours per day,NA
More than 3 hours per day,3
Less than 10 minutes per day,0
1-2 hours per day,NA
Less than 10 minutes per day,NA
NA,NA
31-60 minutes per day,NA
NA,1
NA,3
1-2 hours per day,NA
2-3 hours per day,NA
31-60 minutes per day,NA
31-60 minutes per day,NA
1-2 hours per day,20
NA,NA
2-3 hours per day,NA
1-2 hours per day,NA
NA,12
NA,30
1-2 hours per day,3
1-2 hours per day,NA
10-30 minutes per day,NA
31-60 minutes per day,3
NA,NA
1-2 hours per day,NA
NA,NA
10-30 minutes per day,NA
More than 3 hours per day,11
10-30 minutes per day,NA
10-30 minutes per day,NA
More than 3 hours per day,NA
31-60 minutes per day,NA
More than 3 hours per day,NA
NA,NA
31-60 minutes per day,1
More than 3 hours per day,NA
10-30 minutes per day,NA
Less than 10 minutes per day,NA
31-60 minutes per day,NA
31-60 minutes per day,NA
2-3 hours per day,NA
10-30 minutes per day,NA
Presented but no response,NA
NA,NA
More than 3 hours per day,NA
1-2 hours per day,12
Less than 10 minutes per day,1
31-60 minutes per day,NA
2-3 hours per day,5
1-2 hours per day,NA
Less than 10 minutes per day,6
31-60 minutes per day,14
1-2 hours per day,30
NA,NA
More than 3 hours per day,NA
NA,NA
31-60 minutes per day,4
31-60 minutes per day,8
31-60 minutes per day,NA
More than 3 hours per day,NA
31-60 minutes per day,NA
NA,NA
NA,30
31-60 minutes per day,NA
NA,5
31-60 minutes per day,NA
2-3 hours per day,NA
2-3 hours per day,NA
31-60 minutes per day,8
10-30 minutes per day,NA
Less than 10 minutes per day,NA
More than 3 hours per day,NA
More than 3 hours per day,4
NA,NA
10-30 minutes per day,NA
1-2 hours per day,26
More than 3 hours per day,NA
More than 3 hours per day,3
31-60 minutes per day,8
NA,15
2-3 hours per day,NA
NA,8
1-2 hours per day,60
31-60 minutes per day,NA
1-2 hours per day,NA
1-2 hours per day,NA
1-2 hours per day,9
1-2 hours per day,5
10-30 minutes per day,NA
NA,NA
1-2 hours per day,2
31-60 minutes per day,10
2-3 hours per day,NA
1-2 hours per day,NA
2-3 hours per day,NA
1-2 hours per day,5
31-60 minutes per day,NA
NA,NA
10-30 minutes per day,1
NA,NA
NA,NA
1-2 hours per day,24
10-30 minutes per day,21
31-60 minutes per day,1
More than 3 hours per day,NA
Less than 10 minutes per day,NA
NA,6
NA,3
1-2 hours per day,NA
Less than 10 minutes per day,10
NA,NA
More than 3 hours per day,1
1-2 hours per day,NA
2-3 hours per day,NA
1-2 hours per day,NA
31-60 minutes per day,8
NA,NA
2-3 hours per day,14
NA,7
More than 3 hours per day,NA
NA,NA
31-60 minutes per day,5
1-2 hours per day,1
31-60 minutes per day,168
1-2 hours per day,NA
1-2 hours per day,NA
1-2 hours per day,NA
31-60 minutes per day,NA
1-2 hours per day,NA
Less than 10 minutes per day,NA
1-2 hours per day,2
More than 3 hours per day,NA
10-30 minutes per day,NA
31-60 minutes per day,NA
NA,NA
31-60 minutes per day,NA
1-2 hours per day,NA
More than 3 hours per day,NA
10-30 minutes per day,35
10-30 minutes per day,3
2-3 hours per day,75
NA,NA
2-3 hours per day,NA
1-2 hours per day,4
31-60 minutes per day,NA
1-2 hours per day,NA
31-60 minutes per day,4
2-3 hours per day,0
NA,NA
NA,NA
1-2 hours per day,5
10-30 minutes per day,2
10-30 minutes per day,NA
NA,NA
Less than 10 minutes per day,NA
1-2 hours per day,8
31-60 minutes per day,NA
31-60 minutes per day,NA
NA,NA
NA,5
2-3 hours per day,NA
NA,2
1-2 hours per day,NA
10-30 minutes per day,NA
NA,NA
More than 3 hours per day,NA
2-3 hours per day,4
31-60 minutes per day,NA
2-3 hours per day,NA
31-60 minutes per day,NA
1-2 hours per day,NA
1-2 hours per day,NA
2-3 hours per day,8
31-60 minutes per day,NA
1-2 hours per day,0
10-30 minutes per day,NA
1-2 hours per day,NA
More than 3 hours per day,NA
More than 3 hours per day,NA
Less than 10 minutes per day,1
2-3 hours per day,2
31-60 minutes per day,NA
1-2 hours per day,8
More than 3 hours per day,NA
1-2 hours per day,NA
NA,18
10-30 minutes per day,NA
NA,7
31-60 minutes per day,NA
10-30 minutes per day,NA
2-3 hours per day,NA
More than 3 hours per day,1
1-2 hours per day,NA
1-2 hours per day,56
Less than 10 minutes per day,NA
NA,7
NA,NA
1-2 hours per day,NA
1-2 hours per day,3
More than 3 hours per day,NA
NA,NA
31-60 minutes per day,NA
NA,NA
More than 3 hours per day,NA
More than 3 hours per day,NA
31-60 minutes per day,3
31-60 minutes per day,NA
31-60 minutes per day,40
31-60 minutes per day,13
Less than 10 minutes per day,NA
2-3 hours per day,7
1-2 hours per day,NA
1-2 hours per day,NA
More than 3 hours per day,2
31-60 minutes per day,NA
1-2 hours per day,2
10-30 minutes per day,NA
31-60 minutes per day,4
NA,NA
NA,NA
31-60 minutes per day,41
More than 3 hours per day,10
31-60 minutes per day,16
Less than 10 minutes per day,0
31-60 minutes per day,NA
NA,NA
NA,8
NA,6
31-60 minutes per day,NA
2-3 hours per day,4
10-30 minutes per day,NA
1-2 hours per day,NA
1-2 hours per day,11
NA,NA
NA,NA
1-2 hours per day,NA
31-60 minutes per day,NA
More than 3 hours per day,NA
31-60 minutes per day,NA
31-60 minutes per day,6
1-2 hours per day,NA
2-3 hours per day,70
1-2 hours per day,NA
10-30 minutes per day,2
2-3 hours per day,NA
31-60 minutes per day,NA
1-2 hours per day,NA
1-2 hours per day,NA
1-2 hours per day,NA
10-30 minutes per day,18
NA,NA
31-60 minutes per day,NA
More than 3 hours per day,NA
NA,NA
NA,NA
31-60 minutes per day,NA
Less than 10 minutes per day,NA
1-2 hours per day,NA
NA,7
NA,10
NA,12
1-2 hours per day,NA
Less than 10 minutes per day,NA
10-30 minutes per day,168
10-30 minutes per day,NA
NA,NA
NA,NA
2-3 hours per day,NA
NA,NA
10-30 minutes per day,NA
NA,14
NA,1
Less than 10 minutes per day,0
10-30 minutes per day,NA
31-60 minutes per day,20
10-30 minutes per day,NA
10-30 minutes per day,NA
NA,NA
NA,NA
10-30 minutes per day,1
31-60 minutes per day,NA
2-3 hours per day,NA
10-30 minutes per day,NA
2-3 hours per day,NA
1-2 hours per day,NA
NA,NA
More than 3 hours per day,NA
NA,NA
31-60 minutes per day,8
31-60 minutes per day,10
31-60 minutes per day,NA
2-3 hours per day,NA
1-2 hours per day,NA
31-60 minutes per day,8
More than 3 hours per day,NA
NA,NA
2-3 hours per day,NA
10-30 minutes per day,NA
10-30 minutes per day,NA
31-60 minutes per day,NA
More than 3 hours per day,NA
1-2 hours per day,5
2-3 hours per day,3
1-2 hours per day,NA
10-30 minutes per day,NA
NA,30
2-3 hours per day,NA
NA,4
10-30 minutes per day,NA
10-30 minutes per day,7
10-30 minutes per day,NA
1-2 hours per day,2
1-2 hours per day,4
NA,NA
2-3 hours per day,NA
2-3 hours per day,NA
10-30 minutes per day,NA
10-30 minutes per day,30
2-3 hours per day,NA
31-60 minutes per day,8
NA,NA
1-2 hours per day,NA
More than 3 hours per day,NA
More than 3 hours per day,NA
31-60 minutes per day,NA
NA,NA
More than 3 hours per day,NA
More than 3 hours per day,NA
1-2 hours per day,4
NA,NA
NA,NA
31-60 minutes per day,NA
31-60 minutes per day,NA
NA,3
31-60 minutes per day,NA
NA,2
NA,NA
More than 3 hours per day,5
31-60 minutes per day,NA
NA,NA
Less than 10 minutes per day,NA
NA,NA
31-60 minutes per day,18
More than 3 hours per day,NA
10-30 minutes per day,18
10-30 minutes per day,NA
NA,NA
NA,NA
1-2 hours per day,13
NA,NA
More than 3 hours per day,NA
2-3 hours per day,NA
NA,NA
31-60 minutes per day,NA
10-30 minutes per day,9
NA,NA
31-60 minutes per day,20
NA,NA
31-60 minutes per day,NA
1-2 hours per day,NA
More than 3 hours per day,NA
10-30 minutes per day,NA
1-2 hours per day,NA
NA,NA
10-30 minutes per day,NA
Less than 10 minutes per day,NA
10-30 minutes per day,2
10-30 minutes per day,NA
More than 3 hours per day,80
31-60 minutes per day,NA
2-3 hours per day,4
NA,2
1-2 hours per day,NA
NA,6
1-2 hours per day,NA
Less than 10 minutes per day,10
31-60 minutes per day,5
2-3 hours per day,NA
NA,NA
Presented but no response,5
31-60 minutes per day,NA
Less than 10 minutes per day,NA
31-60 minutes per day,NA
31-60 minutes per day,10
10-30 minutes per day,NA
1-2 hours per day,2
NA,NA
31-60 minutes per day,4
10-30 minutes per day,NA
10-30 minutes per day,NA
NA,NA
Less than 10 minutes per day,16
31-60 minutes per day,NA
NA,NA
2-3 hours per day,7
31-60 minutes per day,NA
More than 3 hours per day,NA
31-60 minutes per day,46
NA,NA
NA,NA
More than 3 hours per day,NA
2-3 hours per day,87
10-30 minutes per day,5
31-60 minutes per day,NA
1-2 hours per day,NA
NA,NA
More than 3 hours per day,168
Less than 10 minutes per day,NA
More than 3 hours per day,NA
1-2 hours per day,NA
1-2 hours per day,NA
NA,2
NA,2
NA,NA
More than 3 hours per day,1
10-30 minutes per day,NA
10-30 minutes per day,NA
More than 3 hours per day,NA
10-30 minutes per day,NA
NA,NA
NA,NA
10-30 minutes per day,NA
31-60 minutes per day,5
1-2 hours per day,NA
31-60 minutes per day,NA
1-2 hours per day,NA
NA,NA
10-30 minutes per day,NA
NA,NA
More than 3 hours per day,NA
1-2 hours per day,NA
2-3 hours per day,NA
NA,NA
10-30 minutes per day,NA
More than 3 hours per day,NA
1-2 hours per day,18
10-30 minutes per day,NA
More than 3 hours per day,50
NA,NA
10-30 minutes per day,NA
2-3 hours per day,2
More than 3 hours per day,NA
More than 3 hours per day,30
1-2 hours per day,NA
NA,NA
More than 3 hours per day,NA
1-2 hours per day,NA
NA,NA
10-30 minutes per day,NA
NA,NA
10-30 minutes per day,4
NA,1
31-60 minutes per day,NA
1-2 hours per day,80
Less than 10 minutes per day,NA
2-3 hours per day,72
Less than 10 minutes per day,NA
More than 3 hours per day,NA
NA,NA
10-30 minutes per day,NA
2-3 hours per day,NA
NA,NA
NA,NA
NA,NA
NA,4
2-3 hours per day,NA
NA,2
NA,NA
31-60 minutes per day,3
31-60 minutes per day,1
NA,NA
NA,4
10-30 minutes per day,NA
2-3 hours per day,2
NA,4
NA,6
1-2 hours per day,NA
More than 3 hours per day,NA
31-60 minutes per day,21
More than 3 hours per day,NA
NA,NA
1-2 hours per day,NA
31-60 minutes per day,NA
2-3 hours per day,0
10-30 minutes per day,10
NA,NA
1-2 hours per day,3
NA,NA
NA,NA
31-60 minutes per day,25
31-60 minutes per day,NA
2-3 hours per day,NA
31-60 minutes per day,8
1-2 hours per day,21
NA,NA
31-60 minutes per day,NA
31-60 minutes per day,9
Less than 10 minutes per day,0
10-30 minutes per day,NA
2-3 hours per day,19
NA,NA
More than 3 hours per day,7
1-2 hours per day,NA
2-3 hours per day,3
1-2 hours per day,16
1-2 hours per day,NA
NA,NA
Less than 10 minutes per day,NA
31-60 minutes per day,NA
NA,NA
More than 3 hours per day,84
2-3 hours per day,8
NA,6
1-2 hours per day,NA
NA,4
More than 3 hours per day,2
More than 3 hours per day,8
More than 3 hours per day,NA
Less than 10 minutes per day,NA
10-30 minutes per day,NA
2-3 hours per day,5
More than 3 hours per day,0
31-60 minutes per day,NA
Presented but no response,NA
31-60 minutes per day,NA
31-60 minutes per day,5
1-2 hours per day,NA
1-2 hours per day,NA
More than 3 hours per day,3
10-30 minutes per day,NA
More than 3 hours per day,NA
1-2 hours per day,10
More than 3 hours per day,NA
NA,2
NA,6
More than 3 hours per day,3
31-60 minutes per day,NA
2-3 hours per day,NA
1-2 hours per day,2
2-3 hours per day,NA
2-3 hours per day,NA
10-30 minutes per day,2
1-2 hours per day,NA
2-3 hours per day,4
NA,2
NA,2
31-60 minutes per day,NA
10-30 minutes per day,2
NA,NA
NA,NA
10-30 minutes per day,NA
10-30 minutes per day,NA
NA,20
NA,14
NA,NA
2-3 hours per day,5
1-2 hours per day,8
1-2 hours per day,NA
NA,30
NA,2
2-3 hours per day,NA
NA,NA
NA,NA
1-2 hours per day,NA
NA,NA
NA,NA
1-2 hours per day,NA
10-30 minutes per day,15
31-60 minutes per day,NA
31-60 minutes per day,NA
10-30 minutes per day,NA
10-30 minutes per day,NA
1-2 hours per day,3
2-3 hours per day,10
NA,0
31-60 minutes per day,NA
NA,NA
1-2 hours per day,NA
1-2 hours per day,NA
31-60 minutes per day,15
More than 3 hours per day,26
2-3 hours per day,NA
2-3 hours per day,NA
10-30 minutes per day,2
1-2 hours per day,NA
31-60 minutes per day,NA
NA,NA
Less than 10 minutes per day,NA
More than 3 hours per day,NA
10-30 minutes per day,NA
More than 3 hours per day,NA
NA,NA
1-2 hours per day,20
1-2 hours per day,NA
2-3 hours per day,NA
NA,NA
2-3 hours per day,NA
31-60 minutes per day,4
31-60 minutes per day,NA
NA,NA
NA,NA
More than 3 hours per day,3
More than 3 hours per day,20
10-30 minutes per day,NA
1-2 hours per day,NA
Less than 10 minutes per day,NA
More than 3 hours per day,NA
2-3 hours per day,3
1-2 hours per day,NA
NA,1
NA,3
NA,NA
More than 3 hours per day,32
31-60 minutes per day,5
1-2 hours per day,NA
31-60 minutes per day,NA
NA,NA
10-30 minutes per day,NA
1-2 hours per day,NA
More than 3 hours per day,7
1-2 hours per day,NA
Less than 10 minutes per day,NA
1-2 hours per day,14
2-3 hours per day,8
1-2 hours per day,NA
10-30 minutes per day,NA
2-3 hours per day,38
NA,1
NA,5
2-3 hours per day,NA
10-30 minutes per day,NA
1-2 hours per day,NA
31-60 minutes per day,NA
2-3 hours per day,3
NA,7
NA,8
31-60 minutes per day,24
31-60 minutes per day,NA
31-60 minutes per day,NA
2-3 hours per day,NA
NA,NA
NA,NA
31-60 minutes per day,8
NA,NA
NA,NA
NA,NA
NA,NA
More than 3 hours per day,NA
2-3 hours per day,12
NA,NA
1-2 hours per day,25
NA,NA
NA,2
More than 3 hours per day,NA
31-60 minutes per day,6
More than 3 hours per day,7
2-3 hours per day,NA
31-60 minutes per day,NA
2-3 hours per day,6
1-2 hours per day,NA
10-30 minutes per day,NA
10-30 minutes per day,NA
31-60 minutes per day,7
31-60 minutes per day,NA
10-30 minutes per day,NA
1-2 hours per day,NA
More than 3 hours per day,24
NA,NA
NA,14
NA,NA
31-60 minutes per day,NA
2-3 hours per day,84
More than 3 hours per day,3
More than 3 hours per day,NA
2-3 hours per day,8
1-2 hours per day,NA
NA,NA
31-60 minutes per day,6
1-2 hours per day,NA
More than 3 hours per day,NA
1-2 hours per day,20
2-3 hours per day,5
NA,NA
2-3 hours per day,NA
2-3 hours per day,NA
31-60 minutes per day,NA
Less than 10 minutes per day,NA
31-60 minutes per day,NA
NA,NA
1-2 hours per day,NA
Presented but no response,NA
10-30 minutes per day,12
2-3 hours per day,NA
1-2 hours per day,4
31-60 minutes per day,NA
More than 3 hours per day,NA
NA,NA
NA,30
1-2 hours per day,NA
10-30 minutes per day,NA
1-2 hours per day,NA
NA,NA
NA,NA
NA,NA
1-2 hours per day,NA
10-30 minutes per day,NA
2-3 hours per day,NA
NA,2
2-3 hours per day,2
31-60 minutes per day,NA
2-3 hours per day,NA
1-2 hours per day,5
31-60 minutes per day,3
31-60 minutes per day,NA
NA,NA
1-2 hours per day,NA
More than 3 hours per day,30
More than 3 hours per day,NA
More than 3 hours per day,NA
NA,4
1-2 hours per day,NA
NA,NA
31-60 minutes per day,1
10-30 minutes per day,NA
10-30 minutes per day,3
NA,NA
1-2 hours per day,3
2-3 hours per day,5
NA,30
NA,2
10-30 minutes per day,NA
NA,2
31-60 minutes per day,3
NA,30
31-60 minutes per day,NA
NA,12
NA,5
Less than 10 minutes per day,NA
NA,1
More than 3 hours per day,NA
10-30 minutes per day,NA
NA,NA
10-30 minutes per day,2
NA,NA
10-30 minutes per day,15
10-30 minutes per day,NA
NA,NA
1-2 hours per day,NA
1-2 hours per day,NA
31-60 minutes per day,NA
31-60 minutes per day,1
More than 3 hours per day,NA
NA,NA
1-2 hours per day,5
10-30 minutes per day,7
1-2 hours per day,2
2-3 hours per day,3
10-30 minutes per day,NA
2-3 hours per day,NA
2-3 hours per day,5
NA,NA
31-60 minutes per day,NA
10-30 minutes per day,NA
More than 3 hours per day,NA
1-2 hours per day,NA
31-60 minutes per day,NA
NA,NA
More than 3 hours per day,NA
31-60 minutes per day,13
31-60 minutes per day,NA
31-60 minutes per day,168
1-2 hours per day,0
1-2 hours per day,2
10-30 minutes per day,NA
Less than 10 minutes per day,NA
10-30 minutes per day,3
1-2 hours per day,NA
10-30 minutes per day,NA
More than 3 hours per day,NA
1-2 hours per day,10
2-3 hours per day,NA
10-30 minutes per day,NA
1-2 hours per day,NA
NA,NA
31-60 minutes per day,3
31-60 minutes per day,NA
Less than 10 minutes per day,NA
More than 3 hours per day,NA
NA,NA
Less than 10 minutes per day,NA
31-60 minutes per day,NA
31-60 minutes per day,NA
More than 3 hours per day,NA
31-60 minutes per day,1
10-30 minutes per day,10
31-60 minutes per day,1
31-60 minutes per day,NA
1-2 hours per day,NA
More than 3 hours per day,NA
1-2 hours per day,NA
1-2 hours per day,NA
NA,NA
NA,NA
31-60 minutes per day,10
Less than 10 minutes per day,1
31-60 minutes per day,NA
2-3 hours per day,NA
NA,NA
10-30 minutes per day,NA
2-3 hours per day,NA
1-2 hours per day,NA
NA,NA
1-2 hours per day,NA
More than 3 hours per day,NA
1-2 hours per day,20
31-60 minutes per day,NA
Presented but no response,NA
More than 3 hours per day,NA
31-60 minutes per day,7
1-2 hours per day,NA
NA,NA
10-30 minutes per day,NA
31-60 minutes per day,NA
NA,NA
31-60 minutes per day,12
10-30 minutes per day,1
2-3 hours per day,4
Presented but no response,NA
31-60 minutes per day,NA
More than 3 hours per day,5
More than 3 hours per day,2
31-60 minutes per day,NA
NA,NA
Less than 10 minutes per day,NA
2-3 hours per day,NA
Presented but no response,NA
NA,NA
10-30 minutes per day,6
2-3 hours per day,NA
2-3 hours per day,40
10-30 minutes per day,NA
31-60 minutes per day,NA
2-3 hours per day,NA
31-60 minutes per day,29
2-3 hours per day,NA
NA,NA
2-3 hours per day,0
31-60 minutes per day,NA
2-3 hours per day,5
10-30 minutes per day,NA
10-30 minutes per day,NA
NA,NA
10-30 minutes per day,4
Less than 10 minutes per day,3
NA,NA
More than 3 hours per day,55
31-60 minutes per day,NA
10-30 minutes per day,NA
Less than 10 minutes per day,NA
NA,1
NA,NA
31-60 minutes per day,8
NA,NA
Less than 10 minutes per day,NA
NA,NA
10-30 minutes per day,NA
NA,1
NA,4
2-3 hours per day,6
NA,NA
1-2 hours per day,NA
More than 3 hours per day,NA
31-60 minutes per day,NA
More than 3 hours per day,NA
31-60 minutes per day,NA
1-2 hours per day,NA
NA,NA
10-30 minutes per day,NA
31-60 minutes per day,NA
NA,NA
31-60 minutes per day,NA
2-3 hours per day,40
1-2 hours per day,4
Presented but no response,35
1-2 hours per day,0
10-30 minutes per day,NA
Less than 10 minutes per day,20
NA,NA
More than 3 hours per day,30
31-60 minutes per day,NA
31-60 minutes per day,8
More than 3 hours per day,5
1-2 hours per day,1
NA,NA
More than 3 hours per day,NA
31-60 minutes per day,4
31-60 minutes per day,NA
2-3 hours per day,4
1-2 hours per day,2
NA,NA
Less than 10 minutes per day,7
NA,NA
1-2 hours per day,4
31-60 minutes per day,NA
NA,NA
2-3 hours per day,NA
NA,NA
1-2 hours per day,0
2-3 hours per day,4
31-60 minutes per day,5
1-2 hours per day,7
10-30 minutes per day,NA
NA,NA
2-3 hours per day,9
10-30 minutes per day,NA
31-60 minutes per day,2
NA,NA
31-60 minutes per day,NA
2-3 hours per day,NA
10-30 minutes per day,NA
1-2 hours per day,NA
1-2 hours per day,NA
NA,NA
1-2 hours per day,8
2-3 hours per day,40
NA,NA
NA,NA
31-60 minutes per day,8
2-3 hours per day,4
2-3 hours per day,10
1-2 hours per day,NA
More than 3 hours per day,NA
1-2 hours per day,NA
2-3 hours per day,NA
10-30 minutes per day,7
NA,0
2-3 hours per day,NA
NA,30
More than 3 hours per day,0
1-2 hours per day,1
1-2 hours per day,40
NA,NA
10-30 minutes per day,6
1-2 hours per day,NA
1-2 hours per day,NA
NA,NA
2-3 hours per day,14
1-2 hours per day,14
31-60 minutes per day,49
NA,NA
NA,NA
31-60 minutes per day,6
NA,NA
2-3 hours per day,NA
2-3 hours per day,2
1-2 hours per day,4
NA,NA
NA,NA
2-3 hours per day,41
31-60 minutes per day,NA
31-60 minutes per day,NA
More than 3 hours per day,NA
10-30 minutes per day,4
10-30 minutes per day,NA
Less than 10 minutes per day,NA
More than 3 hours per day,NA
NA,NA
1-2 hours per day,NA
10-30 minutes per day,NA
1-2 hours per day,NA
NA,NA
NA,NA
1-2 hours per day,NA
10-30 minutes per day,NA
1-2 hours per day,NA
2-3 hours per day,35
NA,NA
31-60 minutes per day,2
NA,NA
More than 3 hours per day,NA
NA,3
31-60 minutes per day,NA
More than 3 hours per day,NA
Less than 10 minutes per day,NA
31-60 minutes per day,NA
1-2 hours per day,NA
1-2 hours per day,NA
More than 3 hours per day,NA
2-3 hours per day,20
Less than 10 minutes per day,NA
NA,NA
NA,NA
NA,3
NA,NA
1-2 hours per day,NA
1-2 hours per day,42
1-2 hours per day,NA
1-2 hours per day,NA
NA,NA
1-2 hours per day,3
31-60 minutes per day,NA
2-3 hours per day,14
1-2 hours per day,NA
2-3 hours per day,NA
31-60 minutes per day,NA
NA,NA
1-2 hours per day,NA
31-60 minutes per day,11
10-30 minutes per day,NA
More than 3 hours per day,13
1-2 hours per day,NA
1-2 hours per day,NA
NA,NA
More than 3 hours per day,NA
2-3 hours per day,NA
31-60 minutes per day,NA
More than 3 hours per day,NA
2-3 hours per day,NA
10-30 minutes per day,NA
More than 3 hours per day,NA
NA,NA
More than 3 hours per day,3
1-2 hours per day,NA
10-30 minutes per day,NA
NA,NA
1-2 hours per day,NA
NA,4
NA,14
1-2 hours per day,NA
31-60 minutes per day,1
More than 3 hours per day,NA
More than 3 hours per day,NA
31-60 minutes per day,NA
31-60 minutes per day,NA
10-30 minutes per day,NA
NA,2
10-30 minutes per day,NA
10-30 minutes per day,NA
NA,NA
NA,NA
NA,NA
31-60 minutes per day,8
NA,NA
NA,NA
31-60 minutes per day,NA
31-60 minutes per day,NA
1-2 hours per day,NA
31-60 minutes per day,NA
10-30 minutes per day,NA
2-3 hours per day,5
31-60 minutes per day,NA
10-30 minutes per day,NA
31-60 minutes per day,NA
More than 3 hours per day,NA
31-60 minutes per day,NA
NA,NA
NA,NA
2-3 hours per day,NA
31-60 minutes per day,NA
NA,NA
NA,0
1-2 hours per day,NA
NA,1
NA,NA
NA,NA
1-2 hours per day,NA
NA,NA
More than 3 hours per day,3
10-30 minutes per day,6
31-60 minutes per day,10
More than 3 hours per day,NA
2-3 hours per day,5
NA,NA
NA,NA
1-2 hours per day,NA
More than 3 hours per day,NA
1-2 hours per day,NA
NA,NA
More than 3 hours per day,15
2-3 hours per day,14
NA,NA
More than 3 hours per day,NA
Less than 10 minutes per day,NA
2-3 hours per day,NA
NA,NA
2-3 hours per day,NA
10-30 minutes per day,NA
1-2 hours per day,NA
NA,NA
NA,NA
NA,NA
31-60 minutes per day,NA
NA,NA
1-2 hours per day,NA
1-2 hours per day,NA
NA,NA
31-60 minutes per day,7
More than 3 hours per day,NA
31-60 minutes per day,NA
NA,NA
1-2 hours per day,3
NA,NA
NA,NA
1-2 hours per day,NA
More than 3 hours per day,4
31-60 minutes per day,20
NA,NA
10-30 minutes per day,NA
1-2 hours per day,4
More than 3 hours per day,10
NA,NA
10-30 minutes per day,NA
NA,NA
31-60 minutes per day,30
2-3 hours per day,NA
NA,NA
1-2 hours per day,NA
10-30 minutes per day,160
NA,NA
2-3 hours per day,60
10-30 minutes per day,NA
More than 3 hours per day,NA
NA,NA
More than 3 hours per day,NA
NA,NA
2-3 hours per day,NA
NA,NA
NA,9
NA,3
10-30 minutes per day,NA
NA,5
NA,2
NA,30
10-30 minutes per day,NA
NA,NA
Less than 10 minutes per day,NA
2-3 hours per day,NA
NA,NA
NA,NA
2-3 hours per day,NA
NA,NA
10-30 minutes per day,NA
10-30 minutes per day,16
31-60 minutes per day,NA
1-2 hours per day,7
10-30 minutes per day,6
NA,NA
1-2 hours per day,NA
NA,NA
Less than 10 minutes per day,3
10-30 minutes per day,NA
1-2 hours per day,NA
1-2 hours per day,NA
More than 3 hours per day,NA
NA,NA
Less than 10 minutes per day,NA
10-30 minutes per day,NA
10-30 minutes per day,1
NA,NA
Less than 10 minutes per day,NA
1-2 hours per day,2
1-2 hours per day,NA
31-60 minutes per day,NA
NA,NA
NA,NA
31-60 minutes per day,NA
NA,NA
More than 3 hours per day,NA
NA,NA
31-60 minutes per day,NA
NA,5
NA,NA
NA,NA
NA,NA
1-2 hours per day,5
1-2 hours per day,NA
31-60 minutes per day,85
10-30 minutes per day,NA
1-2 hours per day,NA
31-60 minutes per day,NA
10-30 minutes per day,NA
NA,NA
Less than 10 minutes per day,NA
NA,NA
1-2 hours per day,NA
NA,NA
NA,NA
10-30 minutes per day,NA
1-2 hours per day,NA
NA,NA
10-30 minutes per day,65
NA,NA
1-2 hours per day,NA
NA,NA
1-2 hours per day,NA
1-2 hours per day,NA
More than 3 hours per day,NA
2-3 hours per day,14
1-2 hours per day,NA
31-60 minutes per day,20
1-2 hours per day,14
10-30 minutes per day,NA
1-2 hours per day,NA
NA,1
NA,NA
NA,NA
31-60 minutes per day,NA
31-60 minutes per day,2
1-2 hours per day,NA
1-2 hours per day,4
More than 3 hours per day,30
NA,5
NA,14
1-2 hours per day,NA
31-60 minutes per day,NA
NA,10
NA,5
31-60 minutes per day,NA
31-60 minutes per day,NA
NA,20
2-3 hours per day,8
More than 3 hours per day,NA
10-30 minutes per day,NA
10-30 minutes per day,NA
31-60 minutes per day,5
NA,NA
10-30 minutes per day,NA
NA,NA
2-3 hours per day,NA
10-30 minutes per day,0
31-60 minutes per day,NA
1-2 hours per day,4
NA,NA
2-3 hours per day,8
More than 3 hours per day,NA
More than 3 hours per day,15
1-2 hours per day,NA
1-2 hours per day,NA
1-2 hours per day,NA
1-2 hours per day,10
More than 3 hours per day,NA
10-30 minutes per day,12
NA,NA
More than 3 hours per day,12
31-60 minutes per day,NA
2-3 hours per day,NA
More than 3 hours per day,0
31-60 minutes per day,NA
NA,NA
More than 3 hours per day,NA
Less than 10 minutes per day,4
10-30 minutes per day,15
2-3 hours per day,168
31-60 minutes per day,NA
10-30 minutes per day,NA
31-60 minutes per day,NA
NA,4
NA,6
1-2 hours per day,NA
NA,2
31-60 minutes per day,NA
NA,NA
2-3 hours per day,50
More than 3 hours per day,7
10-30 minutes per day,NA
NA,NA
1-2 hours per day,NA
10-30 minutes per day,NA
NA,NA
31-60 minutes per day,NA
31-60 minutes per day,4
NA,NA
1-2 hours per day,NA
NA,NA
31-60 minutes per day,3
31-60 minutes per day,NA
NA,NA
10-30 minutes per day,NA
31-60 minutes per day,3
NA,NA
10-30 minutes per day,NA
1-2 hours per day,NA
NA,NA
2-3 hours per day,NA
More than 3 hours per day,NA
1-2 hours per day,2
10-30 minutes per day,NA
NA,NA
2-3 hours per day,NA
More than 3 hours per day,NA
NA,NA
NA,1
31-60 minutes per day,NA
31-60 minutes per day,NA
NA,2
NA,1
NA,NA
NA,NA
31-60 minutes per day,NA
31-60 minutes per day,6
31-60 minutes per day,NA
10-30 minutes per day,NA
Less than 10 minutes per day,30
31-60 minutes per day,NA
NA,1
NA,3
31-60 minutes per day,NA
More than 3 hours per day,4
31-60 minutes per day,NA
31-60 minutes per day,7
NA,NA
More than 3 hours per day,NA
More than 3 hours per day,4
NA,NA
1-2 hours per day,NA
NA,NA
1-2 hours per day,NA
10-30 minutes per day,NA
NA,NA
10-30 minutes per day,NA
NA,NA
Less than 10 minutes per day,5
31-60 minutes per day,NA
10-30 minutes per day,10
10-30 minutes per day,NA
Less than 10 minutes per day,NA
2-3 hours per day,NA
NA,NA
More than 3 hours per day,4
31-60 minutes per day,8
NA,NA
More than 3 hours per day,154
31-60 minutes per day,NA
More than 3 hours per day,4
31-60 minutes per day,7
NA,NA
More than 3 hours per day,NA
31-60 minutes per day,16
10-30 minutes per day,NA
1-2 hours per day,NA
1-2 hours per day,NA
NA,NA
31-60 minutes per day,NA
NA,NA
1-2 hours per day,NA
Less than 10 minutes per day,NA
10-30 minutes per day,NA
1-2 hours per day,3
2-3 hours per day,NA
10-30 minutes per day,NA
1-2 hours per day,60
NA,NA
2-3 hours per day,NA
More than 3 hours per day,NA
NA,NA
31-60 minutes per day,NA
10-30 minutes per day,NA
10-30 minutes per day,15
NA,NA
31-60 minutes per day,8
10-30 minutes per day,1
More than 3 hours per day,NA
31-60 minutes per day,NA
NA,4
NA,8
2-3 hours per day,NA
NA,NA
31-60 minutes per day,NA
NA,NA
1-2 hours per day,1
NA,NA
NA,NA
NA,NA
NA,NA
31-60 minutes per day,NA
More than 3 hours per day,NA
2-3 hours per day,NA
31-60 minutes per day,3
2-3 hours per day,12
2-3 hours per day,3
2-3 hours per day,10
NA,NA
NA,NA
More than 3 hours per day,24
NA,NA
31-60 minutes per day,NA
NA,NA
2-3 hours per day,NA
1-2 hours per day,NA
10-30 minutes per day,NA
NA,NA
2-3 hours per day,NA
NA,0
NA,0
2-3 hours per day,NA
31-60 minutes per day,NA
31-60 minutes per day,NA
NA,NA
10-30 minutes per day,NA
2-3 hours per day,7
NA,NA
NA,NA
2-3 hours per day,35
1-2 hours per day,NA
10-30 minutes per day,NA
More than 3 hours per day,NA
NA,1
1-2 hours per day,26
1-2 hours per day,15
2-3 hours per day,5
10-30 minutes per day,NA
1-2 hours per day,NA
NA,NA
2-3 hours per day,NA
NA,NA
NA,3
NA,3
1-2 hours per day,NA
1-2 hours per day,3
1-2 hours per day,3
31-60 minutes per day,NA
2-3 hours per day,33
10-30 minutes per day,NA
Presented but no response,NA
Less than 10 minutes per day,NA
10-30 minutes per day,NA
2-3 hours per day,NA
NA,NA
More than 3 hours per day,20
10-30 minutes per day,NA
31-60 minutes per day,40
31-60 minutes per day,14
2-3 hours per day,NA
NA,NA
Less than 10 minutes per day,NA
31-60 minutes per day,NA
2-3 hours per day,NA
NA,NA
31-60 minutes per day,NA
10-30 minutes per day,NA
1-2 hours per day,9
NA,4
10-30 minutes per day,NA
10-30 minutes per day,NA
1-2 hours per day,NA
1-2 hours per day,3
NA,NA
NA,NA
1-2 hours per day,NA
Less than 10 minutes per day,NA
NA,NA
NA,NA
2-3 hours per day,NA
NA,4
31-60 minutes per day,NA
NA,NA
1-2 hours per day,NA
NA,NA
1-2 hours per day,NA
NA,NA
1-2 hours per day,NA
1-2 hours per day,NA
Presented but no response,NA
31-60 minutes per day,NA
NA,NA
1-2 hours per day,6
2-3 hours per day,NA
1-2 hours per day,NA
2-3 hours per day,NA
Less than 10 minutes per day,NA
More than 3 hours per day,7
1-2 hours per day,NA
NA,NA
1-2 hours per day,5
1-2 hours per day,NA
10-30 minutes per day,NA
10-30 minutes per day,NA
1-2 hours per day,NA
NA,NA
10-30 minutes per day,NA
2-3 hours per day,NA
NA,12
NA,6
2-3 hours per day,15
2-3 hours per day,2
31-60 minutes per day,NA
NA,5
NA,2
10-30 minutes per day,NA
1-2 hours per day,NA
1-2 hours per day,3
2-3 hours per day,2
31-60 minutes per day,NA
1-2 hours per day,NA
More than 3 hours per day,NA
NA,1
31-60 minutes per day,NA
NA,3
NA,NA
31-60 minutes per day,NA
31-60 minutes per day,8
More than 3 hours per day,2
More than 3 hours per day,NA
More than 3 hours per day,12
NA,NA
10-30 minutes per day,NA
NA,5
NA,0
More than 3 hours per day,NA
31-60 minutes per day,2
1-2 hours per day,NA
10-30 minutes per day,NA
31-60 minutes per day,NA
31-60 minutes per day,NA
NA,NA
10-30 minutes per day,70
1-2 hours per day,NA
More than 3 hours per day,0
NA,NA
1-2 hours per day,NA
Less than 10 minutes per day,NA
More than 3 hours per day,0
10-30 minutes per day,4
NA,NA
10-30 minutes per day,7
Less than 10 minutes per day,NA
More than 3 hours per day,NA
Less than 10 minutes per day,NA
NA,NA
1-2 hours per day,NA
NA,NA
31-60 minutes per day,4
NA,NA
10-30 minutes per day,NA
NA,NA
More than 3 hours per day,NA
10-30 minutes per day,NA
More than 3 hours per day,NA
10-30 minutes per day,NA
More than 3 hours per day,24
NA,5
2-3 hours per day,NA
NA,1
NA,NA
NA,NA
More than 3 hours per day,10
2-3 hours per day,1
10-30 minutes per day,NA
NA,14
NA,28
2-3 hours per day,NA
NA,NA
Less than 10 minutes per day,NA
2-3 hours per day,2
10-30 minutes per day,NA
NA,NA
NA,NA
1-2 hours per day,NA
2-3 hours per day,30
2-3 hours per day,2
1-2 hours per day,NA
31-60 minutes per day,159
31-60 minutes per day,3
31-60 minutes per day,15
NA,NA
Less than 10 minutes per day,NA
31-60 minutes per day,NA
NA,NA
1-2 hours per day,NA
2-3 hours per day,8
31-60 minutes per day,NA
31-60 minutes per day,NA
More than 3 hours per day,NA
1-2 hours per day,NA
31-60 minutes per day,NA
1-2 hours per day,4
31-60 minutes per day,NA
10-30 minutes per day,30
1-2 hours per day,NA
1-2 hours per day,10
31-60 minutes per day,4
10-30 minutes per day,0
More than 3 hours per day,NA
2-3 hours per day,NA
More than 3 hours per day,20
10-30 minutes per day,NA
NA,NA
1-2 hours per day,NA
2-3 hours per day,24
2-3 hours per day,NA
31-60 minutes per day,NA
31-60 minutes per day,1
1-2 hours per day,165
31-60 minutes per day,16
31-60 minutes per day,4
10-30 minutes per day,NA
NA,NA
1-2 hours per day,8
10-30 minutes per day,4
10-30 minutes per day,NA
31-60 minutes per day,10
2-3 hours per day,5
Less than 10 minutes per day,NA
10-30 minutes per day,NA
NA,10
NA,8
1-2 hours per day,8
10-30 minutes per day,NA
31-60 minutes per day,6
Less than 10 minutes per day,NA
NA,NA
NA,0
NA,0
More than 3 hours per day,NA
NA,NA
More than 3 hours per day,NA
31-60 minutes per day,NA
NA,NA
10-30 minutes per day,NA
2-3 hours per day,3
2-3 hours per day,0
More than 3 hours per day,40
1-2 hours per day,NA
NA,NA
NA,NA
Less than 10 minutes per day,10
More than 3 hours per day,10
10-30 minutes per day,NA
Less than 10 minutes per day,5
31-60 minutes per day,1
More than 3 hours per day,NA
NA,NA
More than 3 hours per day,6
10-30 minutes per day,NA
2-3 hours per day,5
NA,NA
1-2 hours per day,NA
2-3 hours per day,NA
More than 3 hours per day,2
More than 3 hours per day,NA
31-60 minutes per day,NA
NA,6
NA,10
31-60 minutes per day,NA
2-3 hours per day,1
More than 3 hours per day,NA
More than 3 hours per day,NA
1-2 hours per day,NA
31-60 minutes per day,NA
10-30 minutes per day,NA
2-3 hours per day,NA
10-30 minutes per day,NA
31-60 minutes per day,NA
NA,1
2-3 hours per day,NA
31-60 minutes per day,NA
NA,NA
10-30 minutes per day,NA
1-2 hours per day,0
31-60 minutes per day,NA
2-3 hours per day,5
More than 3 hours per day,NA
2-3 hours per day,NA
NA,NA
NA,20
1-2 hours per day,50
NA,NA
1-2 hours per day,0
NA,8
NA,8
2-3 hours per day,NA
31-60 minutes per day,NA
31-60 minutes per day,NA
31-60 minutes per day,NA
NA,NA
NA,NA
31-60 minutes per day,NA
More than 3 hours per day,NA
31-60 minutes per day,5
NA,NA
More than 3 hours per day,NA
More than 3 hours per day,NA
2-3 hours per day,8
1-2 hours per day,NA
2-3 hours per day,1
NA,NA
1-2 hours per day,10
NA,NA
Less than 10 minutes per day,NA
31-60 minutes per day,NA
2-3 hours per day,5
1-2 hours per day,NA
NA,NA
Less than 10 minutes per day,NA
NA,NA
1-2 hours per day,NA
More than 3 hours per day,NA
31-60 minutes per day,80
1-2 hours per day,NA
More than 3 hours per day,NA
31-60 minutes per day,NA
10-30 minutes per day,7
31-60 minutes per day,NA
1-2 hours per day,3
NA,NA
31-60 minutes per day,NA
1-2 hours per day,NA
NA,NA
10-30 minutes per day,NA
NA,NA
31-60 minutes per day,NA
NA,5
NA,8
31-60 minutes per day,NA
31-60 minutes per day,1
1-2 hours per day,NA
1-2 hours per day,150
2-3 hours per day,NA
1-2 hours per day,NA
31-60 minutes per day,NA
10-30 minutes per day,NA
2-3 hours per day,NA
2-3 hours per day,26
1-2 hours per day,15
More than 3 hours per day,NA
More than 3 hours per day,NA
NA,NA
10-30 minutes per day,112
1-2 hours per day,NA
NA,NA
31-60 minutes per day,NA
10-30 minutes per day,NA
31-60 minutes per day,64
NA,30
NA,30
1-2 hours per day,NA
1-2 hours per day,NA
2-3 hours per day,7
1-2 hours per day,NA
NA,NA
10-30 minutes per day,NA
NA,NA
NA,NA
NA,NA
2-3 hours per day,NA
31-60 minutes per day,NA
NA,NA
NA,NA
1-2 hours per day,NA
31-60 minutes per day,4
Less than 10 minutes per day,NA
1-2 hours per day,NA
31-60 minutes per day,NA
1-2 hours per day,5
31-60 minutes per day,25
10-30 minutes per day,NA
10-30 minutes per day,NA
2-3 hours per day,NA
1-2 hours per day,11
More than 3 hours per day,NA
10-30 minutes per day,6
2-3 hours per day,NA
10-30 minutes per day,NA
More than 3 hours per day,NA
1-2 hours per day,35
1-2 hours per day,NA
10-30 minutes per day,48
31-60 minutes per day,NA
More than 3 hours per day,NA
Less than 10 minutes per day,NA
NA,NA
1-2 hours per day,NA
31-60 minutes per day,NA
Presented but no response,NA
1-2 hours per day,NA
10-30 minutes per day,NA
NA,NA
More than 3 hours per day,NA
NA,NA
NA,NA
1-2 hours per day,3
2-3 hours per day,NA
31-60 minutes per day,NA
10-30 minutes per day,NA
More than 3 hours per day,25
NA,NA
NA,NA
NA,NA
31-60 minutes per day,NA
NA,NA
10-30 minutes per day,NA
1-2 hours per day,NA
31-60 minutes per day,7
2-3 hours per day,NA
1-2 hours per day,NA
2-3 hours per day,NA
10-30 minutes per day,3
More than 3 hours per day,NA
2-3 hours per day,4
More than 3 hours per day,NA
10-30 minutes per day,3
NA,NA
Less than 10 minutes per day,12
Less than 10 minutes per day,NA
31-60 minutes per day,4
31-60 minutes per day,2
31-60 minutes per day,NA
1-2 hours per day,NA
NA,NA
NA,5
2-3 hours per day,NA
NA,NA
10-30 minutes per day,NA
31-60 minutes per day,NA
More than 3 hours per day,NA
More than 3 hours per day,5
31-60 minutes per day,8
31-60 minutes per day,NA
NA,NA
10-30 minutes per day,NA
1-2 hours per day,NA
NA,NA
More than 3 hours per day,NA
1-2 hours per day,0
NA,NA
10-30 minutes per day,NA
10-30 minutes per day,NA
More than 3 hours per day,NA
NA,30
2-3 hours per day,NA
NA,30
31-60 minutes per day,NA
31-60 minutes per day,NA
31-60 minutes per day,NA
10-30 minutes per day,4
31-60 minutes per day,NA
NA,NA
1-2 hours per day,19
31-60 minutes per day,8
1-2 hours per day,NA
NA,6
1-2 hours per day,NA
NA,3
31-60 minutes per day,8
31-60 minutes per day,25
More than 3 hours per day,NA
1-2 hours per day,NA
2-3 hours per day,12
1-2 hours per day,NA
10-30 minutes per day,NA
2-3 hours per day,NA
NA,5
NA,5
1-2 hours per day,14
31-60 minutes per day,NA
NA,NA
More than 3 hours per day,NA
1-2 hours per day,NA
10-30 minutes per day,NA
NA,NA
NA,NA
NA,NA
More than 3 hours per day,NA
1-2 hours per day,NA
1-2 hours per day,64
1-2 hours per day,NA
10-30 minutes per day,1
10-30 minutes per day,NA
Less than 10 minutes per day,NA
1-2 hours per day,NA
Less than 10 minutes per day,1
NA,NA
31-60 minutes per day,NA
1-2 hours per day,NA
1-2 hours per day,NA
More than 3 hours per day,10
1-2 hours per day,NA
31-60 minutes per day,8
31-60 minutes per day,NA
1-2 hours per day,NA
31-60 minutes per day,35
NA,NA
2-3 hours per day,5
More than 3 hours per day,20
NA,NA
31-60 minutes per day,NA
NA,NA
2-3 hours per day,NA
10-30 minutes per day,NA
NA,NA
31-60 minutes per day,NA
2-3 hours per day,1
31-60 minutes per day,NA
2-3 hours per day,NA
10-30 minutes per day,NA
2-3 hours per day,NA
31-60 minutes per day,5
NA,NA
Less than 10 minutes per day,NA
31-60 minutes per day,8
1-2 hours per day,NA
NA,NA
10-30 minutes per day,NA
NA,NA
1-2 hours per day,NA
10-30 minutes per day,NA
1-2 hours per day,3
10-30 minutes per day,NA
31-60 minutes per day,5
31-60 minutes per day,15
More than 3 hours per day,NA
31-60 minutes per day,NA
More than 3 hours per day,NA
More than 3 hours per day,3
NA,NA
10-30 minutes per day,3
NA,30
NA,0
2-3 hours per day,NA
31-60 minutes per day,NA
1-2 hours per day,NA
31-60 minutes per day,NA
NA,5
2-3 hours per day,NA
31-60 minutes per day,NA
31-60 minutes per day,8
1-2 hours per day,14
NA,NA
NA,NA
More than 3 hours per day,NA
More than 3 hours per day,168
31-60 minutes per day,8
1-2 hours per day,NA
2-3 hours per day,NA
10-30 minutes per day,NA
31-60 minutes per day,NA
NA,2
More than 3 hours per day,NA
31-60 minutes per day,50
Presented but no response,NA
NA,NA
2-3 hours per day,NA
NA,NA
More than 3 hours per day,10
2-3 hours per day,NA
NA,NA
1-2 hours per day,4
10-30 minutes per day,NA
1-2 hours per day,NA
NA,NA
NA,NA
31-60 minutes per day,NA
1-2 hours per day,159
1-2 hours per day,2
31-60 minutes per day,3
NA,NA
31-60 minutes per day,NA
1-2 hours per day,7
NA,NA
10-30 minutes per day,NA
NA,NA
10-30 minutes per day,0
1-2 hours per day,7
NA,3
More than 3 hours per day,NA
NA,21
10-30 minutes per day,NA
NA,NA
More than 3 hours per day,78
More than 3 hours per day,NA
1-2 hours per day,NA
2-3 hours per day,NA
1-2 hours per day,NA
NA,NA
10-30 minutes per day,NA
NA,NA
10-30 minutes per day,NA
NA,1
NA,1
2-3 hours per day,NA
Presented but no response,NA
NA,NA
1-2 hours per day,8
NA,NA
2-3 hours per day,50
31-60 minutes per day,NA
1-2 hours per day,5
NA,NA
NA,NA
1-2 hours per day,NA
10-30 minutes per day,14
NA,NA
31-60 minutes per day,NA
NA,NA
NA,NA
Less than 10 minutes per day,NA
NA,NA
31-60 minutes per day,NA
NA,NA
More than 3 hours per day,NA
10-30 minutes per day,NA
2-3 hours per day,NA
NA,2
More than 3 hours per day,5
NA,NA
31-60 minutes per day,2
NA,NA
1-2 hours per day,NA
2-3 hours per day,NA
NA,NA
2-3 hours per day,10
NA,NA
NA,NA
NA,NA
2-3 hours per day,NA
2-3 hours per day,127
NA,0
NA,1
10-30 minutes per day,NA
More than 3 hours per day,NA
NA,5
NA,1
Less than 10 minutes per day,NA
NA,NA
1-2 hours per day,NA
NA,12
10-30 minutes per day,NA
10-30 minutes per day,NA
1-2 hours per day,15
1-2 hours per day,11
Less than 10 minutes per day,7
More than 3 hours per day,NA
NA,1
More than 3 hours per day,NA
NA,NA
NA,NA
1-2 hours per day,10
1-2 hours per day,NA
10-30 minutes per day,NA
1-2 hours per day,NA
1-2 hours per day,17
10-30 minutes per day,NA
NA,NA
10-30 minutes per day,NA
10-30 minutes per day,NA
1-2 hours per day,NA
NA,NA
2-3 hours per day,7
31-60 minutes per day,0
1-2 hours per day,2
NA,NA
1-2 hours per day,NA
31-60 minutes per day,15
10-30 minutes per day,NA
NA,NA
More than 3 hours per day,0
NA,NA
10-30 minutes per day,12
2-3 hours per day,NA
31-60 minutes per day,NA
31-60 minutes per day,NA
NA,NA
NA,6
1-2 hours per day,NA
Presented but no response,NA
31-60 minutes per day,NA
1-2 hours per day,NA
10-30 minutes per day,NA
31-60 minutes per day,NA
2-3 hours per day,NA
2-3 hours per day,24
31-60 minutes per day,NA
10-30 minutes per day,NA
1-2 hours per day,6
NA,NA
More than 3 hours per day,55
2-3 hours per day,NA
Less than 10 minutes per day,NA
31-60 minutes per day,NA
31-60 minutes per day,4
2-3 hours per day,NA
NA,NA
2-3 hours per day,NA
NA,NA
NA,NA
Less than 10 minutes per day,25
NA,NA
1-2 hours per day,NA
10-30 minutes per day,NA
2-3 hours per day,NA
2-3 hours per day,NA
More than 3 hours per day,NA
10-30 minutes per day,NA
2-3 hours per day,NA
2-3 hours per day,NA
31-60 minutes per day,NA
NA,NA
NA,2
NA,6
10-30 minutes per day,NA
2-3 hours per day,NA
NA,NA
NA,NA
10-30 minutes per day,6
1-2 hours per day,10
10-30 minutes per day,NA
NA,30
1-2 hours per day,NA
More than 3 hours per day,NA
NA,NA
Less than 10 minutes per day,1
NA,1
31-60 minutes per day,NA
10-30 minutes per day,5
10-30 minutes per day,NA
1-2 hours per day,10
2-3 hours per day,NA
More than 3 hours per day,20
1-2 hours per day,NA
NA,NA
NA,0
31-60 minutes per day,NA
NA,2
NA,2
1-2 hours per day,NA
More than 3 hours per day,0
NA,NA
NA,NA
31-60 minutes per day,8
31-60 minutes per day,NA
31-60 minutes per day,NA
31-60 minutes per day,7
1-2 hours per day,NA
1-2 hours per day,NA
1-2 hours per day,NA
1-2 hours per day,NA
NA,30
NA,8
1-2 hours per day,10
NA,NA
10-30 minutes per day,NA
NA,NA
31-60 minutes per day,35
NA,NA
Less than 10 minutes per day,NA
More than 3 hours per day,NA
More than 3 hours per day,NA
10-30 minutes per day,NA
10-30 minutes per day,10
More than 3 hours per day,NA
10-30 minutes per day,NA
10-30 minutes per day,7
2-3 hours per day,8
31-60 minutes per day,NA
31-60 minutes per day,NA
NA,NA
2-3 hours per day,NA
31-60 minutes per day,NA
Presented but no response,NA
10-30 minutes per day,1
1-2 hours per day,NA
2-3 hours per day,12
NA,NA
31-60 minutes per day,NA
2-3 hours per day,NA
31-60 minutes per day,NA
31-60 minutes per day,3
2-3 hours per day,4
NA,NA
NA,NA
2-3 hours per day,NA
10-30 minutes per day,3
31-60 minutes per day,NA
1-2 hours per day,NA
10-30 minutes per day,NA
2-3 hours per day,10
More than 3 hours per day,NA
10-30 minutes per day,NA
More than 3 hours per day,NA
1-2 hours per day,12
1-2 hours per day,NA
NA,NA
NA,NA
31-60 minutes per day,NA
1-2 hours per day,NA
NA,NA
31-60 minutes per day,NA
31-60 minutes per day,10
Less than 10 minutes per day,NA
1-2 hours per day,NA
2-3 hours per day,NA
2-3 hours per day,2
10-30 minutes per day,NA
NA,NA
NA,NA
More than 3 hours per day,NA
NA,10
31-60 minutes per day,NA
NA,NA
NA,NA
2-3 hours per day,1
1-2 hours per day,NA
10-30 minutes per day,NA
NA,NA
NA,NA
2-3 hours per day,NA
NA,NA
1-2 hours per day,4
1-2 hours per day,NA
10-30 minutes per day,NA
10-30 minutes per day,NA
NA,10
More than 3 hours per day,NA
NA,27
2-3 hours per day,NA
1-2 hours per day,NA
31-60 minutes per day,7
10-30 minutes per day,NA
NA,30
NA,30
Less than 10 minutes per day,NA
NA,NA
2-3 hours per day,NA
NA,NA
NA,NA
More than 3 hours per day,NA
More than 3 hours per day,NA
1-2 hours per day,NA
1-2 hours per day,15
10-30 minutes per day,30
More than 3 hours per day,NA
31-60 minutes per day,NA
NA,NA
NA,NA
10-30 minutes per day,1
1-2 hours per day,NA
NA,NA
More than 3 hours per day,5
10-30 minutes per day,NA
NA,NA
2-3 hours per day,2
31-60 minutes per day,NA
Less than 10 minutes per day,NA
10-30 minutes per day,NA
10-30 minutes per day,NA
More than 3 hours per day,3
NA,NA
Presented but no response,NA
1-2 hours per day,NA
NA,5
2-3 hours per day,NA
2-3 hours per day,NA
10-30 minutes per day,5
1-2 hours per day,NA
More than 3 hours per day,168
Less than 10 minutes per day,NA
10-30 minutes per day,NA
More than 3 hours per day,NA
10-30 minutes per day,NA
More than 3 hours per day,NA
10-30 minutes per day,NA
NA,2
NA,3
More than 3 hours per day,NA
More than 3 hours per day,NA
NA,3
NA,8
NA,2
NA,7
NA,10
Less than 10 minutes per day,NA
2-3 hours per day,4
NA,NA
NA,NA
NA,NA
NA,NA
2-3 hours per day,NA
NA,NA
NA,NA
10-30 minutes per day,NA
NA,NA
2-3 hours per day,NA
Less than 10 minutes per day,NA
10-30 minutes per day,NA
NA,NA
10-30 minutes per day,NA
10-30 minutes per day,NA
NA,NA
2-3 hours per day,5
NA,NA
Presented but no response,NA
2-3 hours per day,106
1-2 hours per day,4
31-60 minutes per day,48
Less than 10 minutes per day,NA
NA,NA
31-60 minutes per day,NA
NA,NA
More than 3 hours per day,168
31-60 minutes per day,NA
1-2 hours per day,NA
NA,NA
31-60 minutes per day,NA
Less than 10 minutes per day,NA
31-60 minutes per day,NA
More than 3 hours per day,NA
31-60 minutes per day,NA
10-30 minutes per day,NA
More than 3 hours per day,NA
10-30 minutes per day,8
31-60 minutes per day,7
10-30 minutes per day,NA
1-2 hours per day,NA
31-60 minutes per day,15
10-30 minutes per day,NA
31-60 minutes per day,NA
2-3 hours per day,NA
More than 3 hours per day,NA
NA,3
NA,1
1-2 hours per day,NA
2-3 hours per day,NA
1-2 hours per day,NA
1-2 hours per day,2
NA,NA
1-2 hours per day,NA
31-60 minutes per day,1
31-60 minutes per day,NA
More than 3 hours per day,NA
NA,NA
Less than 10 minutes per day,2
NA,NA
31-60 minutes per day,9
2-3 hours per day,68
More than 3 hours per day,NA
Less than 10 minutes per day,3
2-3 hours per day,NA
NA,1
NA,0
1-2 hours per day,NA
NA,NA
1-2 hours per day,6
Less than 10 minutes per day,NA
NA,1
NA,1
More than 3 hours per day,NA
31-60 minutes per day,12
10-30 minutes per day,NA
NA,NA
10-30 minutes per day,20
NA,NA
31-60 minutes per day,3
1-2 hours per day,NA
NA,NA
NA,NA
1-2 hours per day,NA
31-60 minutes per day,NA
31-60 minutes per day,NA
2-3 hours per day,NA
1-2 hours per day,NA
Less than 10 minutes per day,NA
More than 3 hours per day,NA
31-60 minutes per day,5
1-2 hours per day,NA
1-2 hours per day,20
Presented but no response,NA
NA,NA
1-2 hours per day,NA
1-2 hours per day,NA
10-30 minutes per day,NA
More than 3 hours per day,3
31-60 minutes per day,35
More than 3 hours per day,NA
NA,2
NA,3
NA,NA
10-30 minutes per day,NA
NA,4
NA,5
1-2 hours per day,NA
31-60 minutes per day,NA
31-60 minutes per day,NA
More than 3 hours per day,NA
31-60 minutes per day,NA
More than 3 hours per day,65
1-2 hours per day,NA
More than 3 hours per day,NA
More than 3 hours per day,NA
1-2 hours per day,NA
More than 3 hours per day,NA
NA,1
NA,1
1-2 hours per day,NA
31-60 minutes per day,10
10-30 minutes per day,NA
More than 3 hours per day,5
31-60 minutes per day,NA
31-60 minutes per day,NA
31-60 minutes per day,11
NA,1
Less than 10 minutes per day,NA
1-2 hours per day,NA
NA,NA
31-60 minutes per day,1
NA,NA
10-30 minutes per day,160
10-30 minutes per day,NA
10-30 minutes per day,18
31-60 minutes per day,NA
31-60 minutes per day,20
NA,NA
More than 3 hours per day,4
2-3 hours per day,NA
2-3 hours per day,NA
10-30 minutes per day,12
NA,NA
1-2 hours per day,NA
2-3 hours per day,NA
NA,NA
NA,5
More than 3 hours per day,10
31-60 minutes per day,NA
More than 3 hours per day,NA
10-30 minutes per day,NA
NA,NA
2-3 hours per day,NA
More than 3 hours per day,NA
2-3 hours per day,NA
Less than 10 minutes per day,NA
1-2 hours per day,15
More than 3 hours per day,NA
1-2 hours per day,NA
NA,30
2-3 hours per day,NA
NA,4
Presented but no response,NA
1-2 hours per day,8
31-60 minutes per day,50
31-60 minutes per day,43
31-60 minutes per day,12
NA,2
10-30 minutes per day,NA
2-3 hours per day,NA
More than 3 hours per day,NA
1-2 hours per day,NA
10-30 minutes per day,NA
10-30 minutes per day,NA
31-60 minutes per day,8
10-30 minutes per day,NA
31-60 minutes per day,7
31-60 minutes per day,NA
1-2 hours per day,NA
1-2 hours per day,NA
2-3 hours per day,NA
10-30 minutes per day,1
10-30 minutes per day,2
2-3 hours per day,NA
2-3 hours per day,NA
More than 3 hours per day,NA
1-2 hours per day,13
More than 3 hours per day,4
More than 3 hours per day,NA
NA,NA
NA,NA
1-2 hours per day,NA
NA,4
1-2 hours per day,NA
1-2 hours per day,NA
2-3 hours per day,60
2-3 hours per day,4
31-60 minutes per day,NA
More than 3 hours per day,NA
10-30 minutes per day,NA
2-3 hours per day,NA
NA,NA
More than 3 hours per day,NA
Less than 10 minutes per day,NA
1-2 hours per day,NA
2-3 hours per day,NA
31-60 minutes per day,3
1-2 hours per day,40
2-3 hours per day,2
NA,NA
1-2 hours per day,NA
1-2 hours per day,5
10-30 minutes per day,NA
NA,1
31-60 minutes per day,NA
NA,NA
NA,NA
More than 3 hours per day,NA
2-3 hours per day,NA
1-2 hours per day,NA
31-60 minutes per day,14
NA,NA
Less than 10 minutes per day,NA
NA,10
NA,6
NA,NA
NA,20
10-30 minutes per day,NA
1-2 hours per day,NA
31-60 minutes per day,NA
1-2 hours per day,NA
NA,NA
31-60 minutes per day,1
10-30 minutes per day,NA
2-3 hours per day,NA
1-2 hours per day,NA
NA,NA
1-2 hours per day,NA
1-2 hours per day,NA
NA,NA
NA,NA
2-3 hours per day,NA
2-3 hours per day,NA
10-30 minutes per day,NA
31-60 minutes per day,2
31-60 minutes per day,4
1-2 hours per day,NA
NA,NA
1-2 hours per day,NA
NA,NA
NA,8
NA,1
Less than 10 minutes per day,NA
31-60 minutes per day,NA
10-30 minutes per day,26
NA,NA
More than 3 hours per day,NA
More than 3 hours per day,5
31-60 minutes per day,NA
NA,NA
More than 3 hours per day,30
2-3 hours per day,2
1-2 hours per day,15
NA,NA
More than 3 hours per day,2
Less than 10 minutes per day,NA
Presented but no response,NA
NA,NA
NA,NA
10-30 minutes per day,70
2-3 hours per day,2
2-3 hours per day,2
10-30 minutes per day,0
31-60 minutes per day,NA
31-60 minutes per day,NA
1-2 hours per day,1
NA,NA
31-60 minutes per day,NA
NA,NA
1-2 hours per day,NA
NA,NA
NA,NA
1-2 hours per day,NA
1-2 hours per day,NA
NA,NA
2-3 hours per day,18
1-2 hours per day,7
NA,NA
NA,NA
10-30 minutes per day,NA
2-3 hours per day,96
1-2 hours per day,NA
1-2 hours per day,NA
NA,NA
NA,NA
NA,NA
31-60 minutes per day,8
Less than 10 minutes per day,NA
NA,NA
31-60 minutes per day,2
NA,NA
NA,NA
10-30 minutes per day,NA
More than 3 hours per day,5
1-2 hours per day,11
10-30 minutes per day,2
31-60 minutes per day,NA
Presented but no response,NA
1-2 hours per day,NA
NA,NA
NA,NA
NA,NA
10-30 minutes per day,NA
More than 3 hours per day,NA
NA,NA
10-30 minutes per day,7
31-60 minutes per day,5
31-60 minutes per day,NA
2-3 hours per day,NA
2-3 hours per day,NA
10-30 minutes per day,NA
NA,NA
10-30 minutes per day,2
31-60 minutes per day,3
2-3 hours per day,NA
NA,NA
31-60 minutes per day,NA
10-30 minutes per day,NA
More than 3 hours per day,NA
NA,NA
NA,NA
NA,NA
NA,NA
31-60 minutes per day,5
NA,10
NA,4
Presented but no response,2
10-30 minutes per day,NA
1-2 hours per day,NA
NA,NA
2-3 hours per day,60
NA,NA
10-30 minutes per day,NA
1-2 hours per day,NA
NA,NA
NA,4
NA,NA
1-2 hours per day,NA
2-3 hours per day,NA
2-3 hours per day,NA
More than 3 hours per day,15
10-30 minutes per day,NA
2-3 hours per day,8
NA,NA
NA,NA
1-2 hours per day,NA
NA,NA
31-60 minutes per day,NA
More than 3 hours per day,NA
More than 3 hours per day,24
NA,NA
10-30 minutes per day,NA
2-3 hours per day,10
1-2 hours per day,NA
Less than 10 minutes per day,NA
NA,NA
31-60 minutes per day,5
1-2 hours per day,NA
31-60 minutes per day,46
NA,NA
2-3 hours per day,NA
More than 3 hours per day,NA
More than 3 hours per day,NA
10-30 minutes per day,NA
NA,12
NA,11
2-3 hours per day,NA
10-30 minutes per day,NA
More than 3 hours per day,NA
More than 3 hours per day,NA
Less than 10 minutes per day,2
NA,NA
More than 3 hours per day,2
1-2 hours per day,4
10-30 minutes per day,4
1-2 hours per day,1
NA,NA
31-60 minutes per day,NA
NA,2
NA,2
1-2 hours per day,NA
10-30 minutes per day,14
10-30 minutes per day,NA
10-30 minutes per day,NA
NA,NA
Less than 10 minutes per day,NA
More than 3 hours per day,NA
NA,NA
31-60 minutes per day,NA
1-2 hours per day,5
NA,NA
NA,3
31-60 minutes per day,NA
NA,NA
NA,NA
More than 3 hours per day,NA
2-3 hours per day,NA
NA,8
NA,5
1-2 hours per day,4
NA,NA
2-3 hours per day,0
2-3 hours per day,NA
NA,9
NA,2
2-3 hours per day,NA
31-60 minutes per day,NA
NA,NA
31-60 minutes per day,NA
1-2 hours per day,NA
2-3 hours per day,NA
31-60 minutes per day,NA
NA,NA
10-30 minutes per day,31
1-2 hours per day,NA
1-2 hours per day,7
10-30 minutes per day,NA
2-3 hours per day,NA
More than 3 hours per day,10
NA,NA
NA,NA
More than 3 hours per day,NA
1-2 hours per day,14
1-2 hours per day,5
NA,NA
31-60 minutes per day,13
2-3 hours per day,25
31-60 minutes per day,4
NA,NA
NA,NA
2-3 hours per day,NA
1-2 hours per day,NA
31-60 minutes per day,3
10-30 minutes per day,NA
31-60 minutes per day,NA
NA,30
NA,6
10-30 minutes per day,NA
2-3 hours per day,NA
10-30 minutes per day,NA
1-2 hours per day,NA
31-60 minutes per day,NA
10-30 minutes per day,NA
31-60 minutes per day,NA
10-30 minutes per day,7
NA,NA
More than 3 hours per day,NA
31-60 minutes per day,6
10-30 minutes per day,6
10-30 minutes per day,NA
31-60 minutes per day,24
Presented but no response,NA
31-60 minutes per day,4
NA,NA
NA,NA
NA,NA
1-2 hours per day,5
1-2 hours per day,NA
NA,NA
31-60 minutes per day,NA
2-3 hours per day,NA
More than 3 hours per day,NA
31-60 minutes per day,NA
NA,4
31-60 minutes per day,NA
31-60 minutes per day,8
31-60 minutes per day,NA
NA,30
More than 3 hours per day,NA
NA,NA
31-60 minutes per day,2
NA,NA
2-3 hours per day,NA
31-60 minutes per day,NA
More than 3 hours per day,2
10-30 minutes per day,NA
2-3 hours per day,NA
More than 3 hours per day,20
31-60 minutes per day,10
31-60 minutes per day,NA
More than 3 hours per day,3
10-30 minutes per day,NA
1-2 hours per day,10
31-60 minutes per day,NA
31-60 minutes per day,12
NA,NA
10-30 minutes per day,NA
10-30 minutes per day,NA
NA,NA
More than 3 hours per day,6
2-3 hours per day,19
NA,NA
2-3 hours per day,NA
2-3 hours per day,NA
10-30 minutes per day,14
31-60 minutes per day,NA
NA,NA
2-3 hours per day,2
31-60 minutes per day,0
Less than 10 minutes per day,2
10-30 minutes per day,NA
2-3 hours per day,NA
More than 3 hours per day,NA
NA,NA
10-30 minutes per day,NA
More than 3 hours per day,79
NA,NA
1-2 hours per day,1
1-2 hours per day,NA
31-60 minutes per day,7
1-2 hours per day,NA
10-30 minutes per day,NA
10-30 minutes per day,5
More than 3 hours per day,NA
10-30 minutes per day,4
10-30 minutes per day,NA
NA,NA
More than 3 hours per day,2
NA,NA
NA,NA
10-30 minutes per day,NA
1-2 hours per day,20
31-60 minutes per day,NA
10-30 minutes per day,6
More than 3 hours per day,NA
1-2 hours per day,NA
10-30 minutes per day,NA
More than 3 hours per day,6
NA,NA
NA,NA
2-3 hours per day,40
10-30 minutes per day,NA
1-2 hours per day,3
NA,NA
1-2 hours per day,NA
31-60 minutes per day,NA
1-2 hours per day,30
NA,NA
2-3 hours per day,136
2-3 hours per day,3
NA,NA
2-3 hours per day,NA
NA,NA
1-2 hours per day,NA
2-3 hours per day,90
NA,NA
NA,NA
NA,NA
NA,NA
NA,NA
10-30 minutes per day,NA
NA,NA
31-60 minutes per day,NA
NA,NA
10-30 minutes per day,NA
31-60 minutes per day,8
More than 3 hours per day,NA
2-3 hours per day,NA
10-30 minutes per day,NA
10-30 minutes per day,NA
31-60 minutes per day,1
NA,NA
1-2 hours per day,NA
1-2 hours per day,NA
31-60 minutes per day,1
1-2 hours per day,NA
NA,NA
More than 3 hours per day,3
NA,NA
2-3 hours per day,3
31-60 minutes per day,7
10-30 minutes per day,NA
1-2 hours per day,NA
1-2 hours per day,NA
NA,8
NA,15
More than 3 hours per day,NA
1-2 hours per day,NA
2-3 hours per day,3
NA,NA
2-3 hours per day,NA
NA,NA
NA,2
NA,2
More than 3 hours per day,NA
More than 3 hours per day,16
1-2 hours per day,NA
NA,NA
NA,NA
Less than 10 minutes per day,NA
More than 3 hours per day,NA
31-60 minutes per day,10
More than 3 hours per day,NA
2-3 hours per day,NA
31-60 minutes per day,NA
31-60 minutes per day,10
More than 3 hours per day,NA
NA,NA
NA,NA
Presented but no response,NA
31-60 minutes per day,NA
NA,NA
10-30 minutes per day,2
Less than 10 minutes per day,NA
NA,NA
NA,NA
NA,NA
31-60 minutes per day,NA
2-3 hours per day,3
1-2 hours per day,3
More than 3 hours per day,5
NA,NA
31-60 minutes per day,8
1-2 hours per day,NA
NA,NA
10-30 minutes per day,NA
31-60 minutes per day,NA
31-60 minutes per day,42
10-30 minutes per day,NA
1-2 hours per day,9
Less than 10 minutes per day,NA
NA,NA
NA,NA
NA,NA
31-60 minutes per day,NA
10-30 minutes per day,NA
Less than 10 minutes per day,NA
10-30 minutes per day,NA
More than 3 hours per day,NA
31-60 minutes per day,30
1-2 hours per day,NA
31-60 minutes per day,3
1-2 hours per day,NA
10-30 minutes per day,NA
More than 3 hours per day,NA
31-60 minutes per day,NA
10-30 minutes per day,9
More than 3 hours per day,5
More than 3 hours per day,NA
1-2 hours per day,30
2-3 hours per day,NA
1-2 hours per day,14
More than 3 hours per day,NA
10-30 minutes per day,5
2-3 hours per day,NA
NA,NA
31-60 minutes per day,1
31-60 minutes per day,3
2-3 hours per day,2
2-3 hours per day,1
NA,NA
NA,NA
2-3 hours per day,NA
31-60 minutes per day,3
2-3 hours per day,NA
2-3 hours per day,8
Less than 10 minutes per day,NA
2-3 hours per day,6
Less than 10 minutes per day,NA
31-60 minutes per day,NA
NA,6
2-3 hours per day,NA
NA,10
31-60 minutes per day,NA
10-30 minutes per day,NA
31-60 minutes per day,NA
31-60 minutes per day,NA
NA,NA
More than 3 hours per day,NA
NA,NA
More than 3 hours per day,NA
31-60 minutes per day,NA
1-2 hours per day,20
NA,NA
NA,NA
Presented but no response,NA
2-3 hours per day,NA
1-2 hours per day,NA
NA,NA
31-60 minutes per day,NA
10-30 minutes per day,NA
Less than 10 minutes per day,2
1-2 hours per day,NA
NA,NA
1-2 hours per day,NA
Less than 10 minutes per day,2
Presented but no response,NA
31-60 minutes per day,NA
NA,3
NA,2
31-60 minutes per day,4
10-30 minutes per day,3
2-3 hours per day,14
31-60 minutes per day,5
10-30 minutes per day,NA
Less than 10 minutes per day,10
More than 3 hours per day,NA
NA,3
NA,5
More than 3 hours per day,NA
More than 3 hours per day,5
1-2 hours per day,NA
Less than 10 minutes per day,7
Less than 10 minutes per day,NA
NA,NA
2-3 hours per day,7
31-60 minutes per day,3
1-2 hours per day,48
31-60 minutes per day,5
10-30 minutes per day,NA
2-3 hours per day,10
NA,NA
31-60 minutes per day,NA
NA,7
NA,2
31-60 minutes per day,NA
1-2 hours per day,NA
31-60 minutes per day,NA
NA,NA
NA,2
1-2 hours per day,NA
NA,30
10-30 minutes per day,NA
31-60 minutes per day,NA
More than 3 hours per day,NA
More than 3 hours per day,5
31-60 minutes per day,NA
31-60 minutes per day,NA
31-60 minutes per day,9
31-60 minutes per day,NA
More than 3 hours per day,3
31-60 minutes per day,NA
1-2 hours per day,20
NA,NA
More than 3 hours per day,40
Less than 10 minutes per day,7
NA,NA
NA,NA
2-3 hours per day,4
NA,NA
NA,NA
10-30 minutes per day,5
31-60 minutes per day,5
31-60 minutes per day,3
31-60 minutes per day,NA
1-2 hours per day,3
2-3 hours per day,156
31-60 minutes per day,3
10-30 minutes per day,NA
31-60 minutes per day,NA
2-3 hours per day,NA
1-2 hours per day,NA
NA,NA
NA,NA
More than 3 hours per day,NA
NA,NA
Less than 10 minutes per day,NA
NA,NA
NA,NA
31-60 minutes per day,NA
10-30 minutes per day,NA
1-2 hours per day,NA
31-60 minutes per day,NA
31-60 minutes per day,NA
2-3 hours per day,NA
1-2 hours per day,NA
1-2 hours per day,3
31-60 minutes per day,NA
10-30 minutes per day,NA
31-60 minutes per day,NA
NA,NA
10-30 minutes per day,NA
31-60 minutes per day,NA
1-2 hours per day,NA
2-3 hours per day,23
1-2 hours per day,NA
NA,NA
1-2 hours per day,2
1-2 hours per day,8
NA,NA
NA,NA
10-30 minutes per day,NA
1-2 hours per day,NA
Presented but no response,NA
More than 3 hours per day,9
More than 3 hours per day,2
31-60 minutes per day,2
31-60 minutes per day,NA
NA,NA
10-30 minutes per day,NA
NA,NA
31-60 minutes per day,NA
NA,NA
2-3 hours per day,NA
More than 3 hours per day,NA
2-3 hours per day,NA
31-60 minutes per day,NA
NA,NA
NA,NA
10-30 minutes per day,NA
More than 3 hours per day,NA
31-60 minutes per day,49
1-2 hours per day,NA
More than 3 hours per day,NA
1-2 hours per day,NA
2-3 hours per day,18
2-3 hours per day,NA
10-30 minutes per day,NA
31-60 minutes per day,NA
1-2 hours per day,1
NA,NA
NA,NA
2-3 hours per day,NA
Less than 10 minutes per day,NA
NA,NA
31-60 minutes per day,NA
31-60 minutes per day,NA
10-30 minutes per day,NA
31-60 minutes per day,7
NA,NA
1-2 hours per day,NA
More than 3 hours per day,7
Less than 10 minutes per day,130
1-2 hours per day,NA
1-2 hours per day,2
NA,NA
10-30 minutes per day,NA
2-3 hours per day,NA
2-3 hours per day,9
31-60 minutes per day,30
10-30 minutes per day,NA
2-3 hours per day,11
31-60 minutes per day,NA
10-30 minutes per day,NA
More than 3 hours per day,NA
NA,NA
1-2 hours per day,12
1-2 hours per day,2
NA,NA
1-2 hours per day,NA
31-60 minutes per day,NA
10-30 minutes per day,5
10-30 minutes per day,7
2-3 hours per day,NA
More than 3 hours per day,3
1-2 hours per day,NA
31-60 minutes per day,NA
NA,NA
31-60 minutes per day,NA
1-2 hours per day,NA
31-60 minutes per day,NA
2-3 hours per day,NA
NA,0
31-60 minutes per day,13
NA,NA
1-2 hours per day,5
31-60 minutes per day,NA
NA,NA
2-3 hours per day,NA
NA,8
10-30 minutes per day,1
31-60 minutes per day,40
Less than 10 minutes per day,NA
1-2 hours per day,NA
31-60 minutes per day,NA
10-30 minutes per day,NA
31-60 minutes per day,6
1-2 hours per day,NA
More than 3 hours per day,6
10-30 minutes per day,NA
31-60 minutes per day,8
1-2 hours per day,NA
2-3 hours per day,8
NA,NA
31-60 minutes per day,NA
31-60 minutes per day,NA
More than 3 hours per day,1
2-3 hours per day,20
31-60 minutes per day,0
10-30 minutes per day,1
10-30 minutes per day,NA
1-2 hours per day,NA
10-30 minutes per day,7
1-2 hours per day,5
NA,7
NA,NA
1-2 hours per day,NA
NA,NA
More than 3 hours per day,14
NA,8
NA,1
31-60 minutes per day,NA
NA,NA
31-60 minutes per day,7
NA,NA
10-30 minutes per day,NA
NA,NA
Less than 10 minutes per day,NA
NA,30
2-3 hours per day,NA
NA,30
More than 3 hours per day,NA
2-3 hours per day,3
31-60 minutes per day,1
More than 3 hours per day,3
10-30 minutes per day,NA
Less than 10 minutes per day,NA
10-30 minutes per day,1
10-30 minutes per day,NA
More than 3 hours per day,NA
More than 3 hours per day,NA
10-30 minutes per day,7
More than 3 hours per day,4
31-60 minutes per day,NA
31-60 minutes per day,NA
NA,NA
NA,NA
1-2 hours per day,4
10-30 minutes per day,3
10-30 minutes per day,2
31-60 minutes per day,NA
NA,NA
More than 3 hours per day,NA
More than 3 hours per day,NA
More than 3 hours per day,163
1-2 hours per day,NA
1-2 hours per day,5
1-2 hours per day,NA
More than 3 hours per day,NA
1-2 hours per day,1
31-60 minutes per day,NA
More than 3 hours per day,1
2-3 hours per day,NA
2-3 hours per day,NA
1-2 hours per day,NA
NA,NA
31-60 minutes per day,3
31-60 minutes per day,NA
More than 3 hours per day,14
NA,NA
10-30 minutes per day,NA
2-3 hours per day,NA
More than 3 hours per day,14
2-3 hours per day,NA
More than 3 hours per day,NA
1-2 hours per day,6
10-30 minutes per day,1
1-2 hours per day,NA
1-2 hours per day,NA
NA,NA
More than 3 hours per day,6
1-2 hours per day,NA
1-2 hours per day,NA
NA,NA
More than 3 hours per day,NA
10-30 minutes per day,NA
1-2 hours per day,NA
10-30 minutes per day,3
NA,NA
2-3 hours per day,NA
10-30 minutes per day,2
1-2 hours per day,NA
2-3 hours per day,10
31-60 minutes per day,NA
10-30 minutes per day,NA
NA,NA
More than 3 hours per day,NA
NA,NA
1-2 hours per day,5
10-30 minutes per day,NA
10-30 minutes per day,NA
31-60 minutes per day,NA
2-3 hours per day,15
NA,NA
1-2 hours per day,NA
More than 3 hours per day,25
NA,NA
More than 3 hours per day,0
NA,NA
2-3 hours per day,35
1-2 hours per day,NA
NA,NA
NA,NA
31-60 minutes per day,NA
NA,NA
10-30 minutes per day,NA
NA,NA
NA,NA
1-2 hours per day,NA
NA,NA
NA,30
2-3 hours per day,NA
1-2 hours per day,NA
NA,6
NA,3
2-3 hours per day,1
2-3 hours per day,NA
1-2 hours per day,NA
More than 3 hours per day,NA
31-60 minutes per day,NA
More than 3 hours per day,NA
31-60 minutes per day,7
NA,9
NA,NA
31-60 minutes per day,NA
10-30 minutes per day,9
NA,NA
1-2 hours per day,NA
10-30 minutes per day,NA
1-2 hours per day,84
10-30 minutes per day,NA
Less than 10 minutes per day,NA
10-30 minutes per day,NA
NA,6
NA,5
NA,NA
Less than 10 minutes per day,NA
1-2 hours per day,4
2-3 hours per day,NA
NA,10
NA,15
31-60 minutes per day,NA
10-30 minutes per day,4
10-30 minutes per day,10
1-2 hours per day,NA
31-60 minutes per day,NA
NA,NA
NA,5
2-3 hours per day,NA
NA,1
NA,NA
1-2 hours per day,NA
2-3 hours per day,4
31-60 minutes per day,NA
Less than 10 minutes per day,3
1-2 hours per day,NA
1-2 hours per day,NA
31-60 minutes per day,7
1-2 hours per day,NA
NA,NA
31-60 minutes per day,NA
1-2 hours per day,NA
2-3 hours per day,NA
NA,NA
10-30 minutes per day,3
1-2 hours per day,NA
NA,NA
10-30 minutes per day,NA
31-60 minutes per day,NA
NA,NA
2-3 hours per day,4
2-3 hours per day,NA
NA,8
NA,30
More than 3 hours per day,NA
10-30 minutes per day,70
1-2 hours per day,21
10-30 minutes per day,NA
10-30 minutes per day,4
10-30 minutes per day,22
More than 3 hours per day,NA
NA,NA
31-60 minutes per day,NA
NA,NA
1-2 hours per day,NA
NA,3
NA,4
31-60 minutes per day,NA
NA,NA
NA,16
2-3 hours per day,NA
NA,12
1-2 hours per day,NA
31-60 minutes per day,3
NA,0
2-3 hours per day,1
10-30 minutes per day,NA
31-60 minutes per day,NA
NA,15
NA,10
2-3 hours per day,NA
31-60 minutes per day,5
31-60 minutes per day,3
2-3 hours per day,10
More than 3 hours per day,3
More than 3 hours per day,10
NA,1
31-60 minutes per day,NA
31-60 minutes per day,NA
Less than 10 minutes per day,3
10-30 minutes per day,NA
1-2 hours per day,NA
NA,NA
10-30 minutes per day,NA
31-60 minutes per day,15
2-3 hours per day,NA
More than 3 hours per day,NA
NA,NA
2-3 hours per day,6
10-30 minutes per day,NA
31-60 minutes per day,NA
2-3 hours per day,18
1-2 hours per day,15
NA,4
NA,3
2-3 hours per day,NA
Less than 10 minutes per day,168
More than 3 hours per day,NA
More than 3 hours per day,NA
2-3 hours per day,NA
1-2 hours per day,3
10-30 minutes per day,NA
1-2 hours per day,NA
1-2 hours per day,NA
31-60 minutes per day,NA
10-30 minutes per day,NA
1-2 hours per day,100
31-60 minutes per day,NA
1-2 hours per day,8
Less than 10 minutes per day,0
1-2 hours per day,NA
10-30 minutes per day,10
NA,NA
31-60 minutes per day,NA
More than 3 hours per day,NA
10-30 minutes per day,NA
NA,0
2-3 hours per day,NA
NA,0
10-30 minutes per day,5
31-60 minutes per day,NA
2-3 hours per day,NA
31-60 minutes per day,NA
NA,NA
More than 3 hours per day,2
More than 3 hours per day,NA
NA,NA
2-3 hours per day,NA
Less than 10 minutes per day,NA
Less than 10 minutes per day,NA
31-60 minutes per day,NA
10-30 minutes per day,NA
2-3 hours per day,14
More than 3 hours per day,7
More than 3 hours per day,8
1-2 hours per day,NA
1-2 hours per day,NA
NA,NA
NA,NA
31-60 minutes per day,NA
More than 3 hours per day,NA
1-2 hours per day,NA
NA,NA
More than 3 hours per day,20
More than 3 hours per day,60
2-3 hours per day,NA
1-2 hours per day,NA
1-2 hours per day,NA
NA,NA
10-30 minutes per day,NA
1-2 hours per day,NA
10-30 minutes per day,NA
31-60 minutes per day,2
1-2 hours per day,35
2-3 hours per day,5
NA,NA
NA,NA
1-2 hours per day,0
2-3 hours per day,NA
More than 3 hours per day,NA
31-60 minutes per day,4
1-2 hours per day,NA
NA,NA
31-60 minutes per day,NA
More than 3 hours per day,84
NA,NA
NA,NA
NA,NA
1-2 hours per day,NA
10-30 minutes per day,NA
31-60 minutes per day,NA
10-30 minutes per day,NA
10-30 minutes per day,3
1-2 hours per day,5
2-3 hours per day,NA
31-60 minutes per day,NA
31-60 minutes per day,20
1-2 hours per day,NA
NA,NA
More than 3 hours per day,11
2-3 hours per day,2
1-2 hours per day,NA
Less than 10 minutes per day,NA
31-60 minutes per day,8
31-60 minutes per day,10
NA,NA
More than 3 hours per day,NA
31-60 minutes per day,NA
31-60 minutes per day,1
10-30 minutes per day,NA
NA,NA
NA,NA
Less than 10 minutes per day,NA
Less than 10 minutes per day,NA
10-30 minutes per day,NA
31-60 minutes per day,NA
NA,NA
NA,NA
NA,NA
10-30 minutes per day,NA
NA,NA
10-30 minutes per day,NA
10-30 minutes per day,1
NA,NA
31-60 minutes per day,NA
31-60 minutes per day,9
10-30 minutes per day,NA
NA,NA
10-30 minutes per day,NA
31-60 minutes per day,NA
2-3 hours per day,168
31-60 minutes per day,NA
NA,NA
10-30 minutes per day,10
31-60 minutes per day,NA
1-2 hours per day,4
Less than 10 minutes per day,NA
10-30 minutes per day,NA
1-2 hours per day,NA
10-30 minutes per day,NA
More than 3 hours per day,NA
1-2 hours per day,1
10-30 minutes per day,2
Less than 10 minutes per day,NA
More than 3 hours per day,NA
10-30 minutes per day,5
NA,NA
NA,NA
1-2 hours per day,NA
2-3 hours per day,30
10-30 minutes per day,3
More than 3 hours per day,5
10-30 minutes per day,1
2-3 hours per day,5
NA,NA
2-3 hours per day,5
10-30 minutes per day,8
NA,NA
1-2 hours per day,27
NA,NA
10-30 minutes per day,NA
10-30 minutes per day,NA
2-3 hours per day,1
More than 3 hours per day,5
2-3 hours per day,NA
31-60 minutes per day,NA
NA,NA
10-30 minutes per day,6
NA,NA
2-3 hours per day,10
More than 3 hours per day,NA
1-2 hours per day,NA
31-60 minutes per day,NA
Less than 10 minutes per day,NA
1-2 hours per day,NA
10-30 minutes per day,NA
2-3 hours per day,3
10-30 minutes per day,NA
More than 3 hours per day,NA
10-30 minutes per day,1
NA,NA
2-3 hours per day,NA
10-30 minutes per day,NA
NA,NA
10-30 minutes per day,NA
NA,4
NA,16
10-30 minutes per day,NA
NA,NA
More than 3 hours per day,NA
31-60 minutes per day,14
2-3 hours per day,10
2-3 hours per day,NA
31-60 minutes per day,NA
31-60 minutes per day,5
2-3 hours per day,NA
More than 3 hours per day,0
31-60 minutes per day,40
31-60 minutes per day,3
31-60 minutes per day,3
2-3 hours per day,0
NA,NA
Less than 10 minutes per day,20
31-60 minutes per day,5
2-3 hours per day,NA
1-2 hours per day,NA
1-2 hours per day,NA
1-2 hours per day,10
2-3 hours per day,8
1-2 hours per day,NA
More than 3 hours per day,NA
NA,NA
NA,4
NA,2
2-3 hours per day,NA
Presented but no response,NA
10-30 minutes per day,2
1-2 hours per day,NA
1-2 hours per day,0
31-60 minutes per day,NA
1-2 hours per day,NA
2-3 hours per day,2
NA,NA
2-3 hours per day,NA
31-60 minutes per day,NA
Less than 10 minutes per day,NA
1-2 hours per day,5
10-30 minutes per day,12
31-60 minutes per day,NA
31-60 minutes per day,NA
1-2 hours per day,1
31-60 minutes per day,NA
10-30 minutes per day,NA
More than 3 hours per day,2
More than 3 hours per day,NA
10-30 minutes per day,NA
31-60 minutes per day,30
10-30 minutes per day,NA
31-60 minutes per day,2
1-2 hours per day,NA
NA,NA
1-2 hours per day,2
1-2 hours per day,NA
10-30 minutes per day,NA
2-3 hours per day,NA
2-3 hours per day,16
10-30 minutes per day,NA
1-2 hours per day,5
NA,2
NA,30
More than 3 hours per day,NA
10-30 minutes per day,NA
1-2 hours per day,NA
More than 3 hours per day,NA
31-60 minutes per day,NA
NA,NA
10-30 minutes per day,NA
More than 3 hours per day,NA
Less than 10 minutes per day,0
NA,NA
31-60 minutes per day,NA
Less than 10 minutes per day,NA
1-2 hours per day,11
31-60 minutes per day,1
NA,NA
1-2 hours per day,NA
NA,20
31-60 minutes per day,NA
2-3 hours per day,20
2-3 hours per day,NA
2-3 hours per day,14
10-30 minutes per day,NA
1-2 hours per day,NA
More than 3 hours per day,NA
Less than 10 minutes per day,NA
31-60 minutes per day,20
2-3 hours per day,6
10-30 minutes per day,NA
1-2 hours per day,NA
10-30 minutes per day,NA
31-60 minutes per day,NA
More than 3 hours per day,NA
1-2 hours per day,2
2-3 hours per day,NA
10-30 minutes per day,NA
10-30 minutes per day,NA
31-60 minutes per day,NA
More than 3 hours per day,NA
More than 3 hours per day,NA
More than 3 hours per day,3
31-60 minutes per day,13
31-60 minutes per day,NA
31-60 minutes per day,NA
NA,NA
2-3 hours per day,5
Less than 10 minutes per day,NA
2-3 hours per day,NA
2-3 hours per day,NA
1-2 hours per day,NA
More than 3 hours per day,20
NA,NA
10-30 minutes per day,1
31-60 minutes per day,NA
31-60 minutes per day,3
1-2 hours per day,NA
1-2 hours per day,NA
1-2 hours per day,NA
2-3 hours per day,40
2-3 hours per day,NA
NA,20
NA,6
10-30 minutes per day,7
NA,NA
31-60 minutes per day,1
More than 3 hours per day,NA
1-2 hours per day,19
NA,NA
1-2 hours per day,NA
NA,NA
Less than 10 minutes per day,NA
1-2 hours per day,52
More than 3 hours per day,30
31-60 minutes per day,8
NA,5
2-3 hours per day,40
Less than 10 minutes per day,NA
Less than 10 minutes per day,NA
10-30 minutes per day,NA
31-60 minutes per day,NA
10-30 minutes per day,NA
31-60 minutes per day,NA
2-3 hours per day,35
31-60 minutes per day,NA
NA,24
NA,28
10-30 minutes per day,NA
10-30 minutes per day,NA
10-30 minutes per day,19
1-2 hours per day,NA
NA,NA
10-30 minutes per day,20
10-30 minutes per day,NA
10-30 minutes per day,16
More than 3 hours per day,NA
31-60 minutes per day,NA
1-2 hours per day,3
10-30 minutes per day,1
Presented but no response,NA
10-30 minutes per day,3
1-2 hours per day,NA
31-60 minutes per day,NA
31-60 minutes per day,NA
Less than 10 minutes per day,NA
31-60 minutes per day,NA
NA,NA
More than 3 hours per day,NA
31-60 minutes per day,NA
1-2 hours per day,NA
NA,NA
31-60 minutes per day,NA
NA,NA
1-2 hours per day,20
10-30 minutes per day,NA
NA,NA
1-2 hours per day,2
1-2 hours per day,NA
NA,4
NA,6
31-60 minutes per day,NA
10-30 minutes per day,14
Less than 10 minutes per day,12
31-60 minutes per day,NA
31-60 minutes per day,11
31-60 minutes per day,NA
NA,3
NA,2
31-60 minutes per day,8
NA,NA
NA,NA
1-2 hours per day,168
31-60 minutes per day,5
NA,NA
2-3 hours per day,NA
31-60 minutes per day,NA
10-30 minutes per day,NA
31-60 minutes per day,NA
10-30 minutes per day,NA
31-60 minutes per day,NA
More than 3 hours per day,20
31-60 minutes per day,NA
2-3 hours per day,NA
1-2 hours per day,NA
31-60 minutes per day,NA
NA,24
2-3 hours per day,NA
NA,24
10-30 minutes per day,NA
NA,1
NA,14
1-2 hours per day,NA
1-2 hours per day,NA
More than 3 hours per day,NA
NA,NA
More than 3 hours per day,0
2-3 hours per day,NA
Less than 10 minutes per day,NA
10-30 minutes per day,NA
2-3 hours per day,10
More than 3 hours per day,NA
2-3 hours per day,3
31-60 minutes per day,10
NA,NA
10-30 minutes per day,NA
Less than 10 minutes per day,NA
10-30 minutes per day,NA
1-2 hours per day,NA
More than 3 hours per day,NA
1-2 hours per day,NA
NA,NA
1-2 hours per day,NA
2-3 hours per day,NA
2-3 hours per day,5
NA,NA
More than 3 hours per day,NA
Less than 10 minutes per day,NA
10-30 minutes per day,NA
2-3 hours per day,NA
More than 3 hours per day,NA
NA,8
NA,12
1-2 hours per day,8
NA,5
NA,30
1-2 hours per day,4
NA,3
NA,2
10-30 minutes per day,NA
More than 3 hours per day,0
2-3 hours per day,NA
31-60 minutes per day,1
NA,NA
More than 3 hours per day,0
NA,NA
More than 3 hours per day,NA
Less than 10 minutes per day,NA
31-60 minutes per day,8
NA,4
31-60 minutes per day,1
More than 3 hours per day,10
NA,1
NA,6
NA,10
More than 3 hours per day,NA
NA,30
10-30 minutes per day,NA
31-60 minutes per day,NA
1-2 hours per day,1
NA,NA
More than 3 hours per day,0
NA,NA
NA,NA
More than 3 hours per day,NA
1-2 hours per day,NA
2-3 hours per day,NA
31-60 minutes per day,NA
More than 3 hours per day,6
31-60 minutes per day,NA
NA,NA
More than 3 hours per day,NA
More than 3 hours per day,NA
31-60 minutes per day,8
1-2 hours per day,5
31-60 minutes per day,NA
More than 3 hours per day,4
1-2 hours per day,1
NA,NA
10-30 minutes per day,0
31-60 minutes per day,75
NA,NA
More than 3 hours per day,NA
31-60 minutes per day,NA
NA,NA
2-3 hours per day,10
1-2 hours per day,NA
31-60 minutes per day,NA
NA,5
NA,7
Less than 10 minutes per day,0
NA,NA
NA,NA
31-60 minutes per day,1
10-30 minutes per day,2
31-60 minutes per day,NA
10-30 minutes per day,10
More than 3 hours per day,NA
31-60 minutes per day,NA
2-3 hours per day,NA
NA,NA
31-60 minutes per day,NA
NA,NA
10-30 minutes per day,NA
1-2 hours per day,1
NA,NA
NA,NA
10-30 minutes per day,NA
NA,NA
Less than 10 minutes per day,NA
More than 3 hours per day,5
NA,NA
1-2 hours per day,NA
More than 3 hours per day,NA
31-60 minutes per day,7
More than 3 hours per day,NA
31-60 minutes per day,NA
10-30 minutes per day,NA
NA,NA
1-2 hours per day,10
1-2 hours per day,NA
More than 3 hours per day,16
31-60 minutes per day,NA
NA,NA
NA,NA
10-30 minutes per day,6
More than 3 hours per day,NA
NA,2
1-2 hours per day,NA
NA,NA
2-3 hours per day,NA
More than 3 hours per day,2
10-30 minutes per day,8
1-2 hours per day,NA
1-2 hours per day,NA
NA,NA
More than 3 hours per day,NA
10-30 minutes per day,16
31-60 minutes per day,2
2-3 hours per day,NA
NA,NA
NA,NA
31-60 minutes per day,NA
NA,NA
1-2 hours per day,NA
2-3 hours per day,3
2-3 hours per day,2
More than 3 hours per day,5
31-60 minutes per day,NA
Less than 10 minutes per day,NA
NA,NA
More than 3 hours per day,NA
NA,NA
Less than 10 minutes per day,NA
NA,NA
31-60 minutes per day,NA
More than 3 hours per day,4
31-60 minutes per day,NA
2-3 hours per day,10
1-2 hours per day,10
1-2 hours per day,NA
NA,NA
31-60 minutes per day,20
NA,NA
More than 3 hours per day,15
More than 3 hours per day,10
NA,NA
1-2 hours per day,NA
2-3 hours per day,2
1-2 hours per day,NA
NA,NA
NA,14
NA,30
More than 3 hours per day,NA
NA,7
1-2 hours per day,NA
More than 3 hours per day,NA
31-60 minutes per day,NA
Less than 10 minutes per day,8
1-2 hours per day,15
1-2 hours per day,12
10-30 minutes per day,42
NA,NA
NA,NA
2-3 hours per day,4
31-60 minutes per day,NA
31-60 minutes per day,NA
NA,NA
31-60 minutes per day,NA
31-60 minutes per day,7
NA,NA
2-3 hours per day,NA
1-2 hours per day,13
31-60 minutes per day,1
More than 3 hours per day,NA
2-3 hours per day,2
NA,NA
31-60 minutes per day,NA
10-30 minutes per day,NA
31-60 minutes per day,NA
2-3 hours per day,4
1-2 hours per day,NA
2-3 hours per day,NA
More than 3 hours per day,NA
1-2 hours per day,8
NA,NA
31-60 minutes per day,NA
1-2 hours per day,NA
10-30 minutes per day,10
31-60 minutes per day,NA
31-60 minutes per day,NA
NA,NA
More than 3 hours per day,NA
10-30 minutes per day,0
More than 3 hours per day,NA
10-30 minutes per day,NA
More than 3 hours per day,15
31-60 minutes per day,NA
NA,NA
1-2 hours per day,NA
31-60 minutes per day,NA
NA,NA
10-30 minutes per day,NA
More than 3 hours per day,NA
2-3 hours per day,NA
NA,NA
1-2 hours per day,NA
NA,NA
Less than 10 minutes per day,NA
More than 3 hours per day,NA
NA,NA
10-30 minutes per day,NA
NA,1
More than 3 hours per day,NA
NA,NA
1-2 hours per day,NA
More than 3 hours per day,6
10-30 minutes per day,NA
10-30 minutes per day,NA
1-2 hours per day,NA
1-2 hours per day,NA
More than 3 hours per day,2
31-60 minutes per day,NA
1-2 hours per day,NA
1-2 hours per day,6
10-30 minutes per day,NA
10-30 minutes per day,NA
More than 3 hours per day,1
31-60 minutes per day,NA
NA,NA
31-60 minutes per day,NA
1-2 hours per day,6
More than 3 hours per day,3
2-3 hours per day,NA
1-2 hours per day,NA
31-60 minutes per day,0
1-2 hours per day,NA
Presented but no response,NA
Less than 10 minutes per day,1
More than 3 hours per day,NA
NA,NA
NA,1
More than 3 hours per day,7
10-30 minutes per day,NA
10-30 minutes per day,15
More than 3 hours per day,NA
NA,NA
31-60 minutes per day,7
31-60 minutes per day,NA
10-30 minutes per day,NA
NA,NA
1-2 hours per day,6
10-30 minutes per day,NA
1-2 hours per day,NA
NA,NA
1-2 hours per day,NA
Less than 10 minutes per day,2
NA,0
More than 3 hours per day,NA
NA,0
10-30 minutes per day,NA
More than 3 hours per day,NA
NA,NA
NA,NA
NA,NA
31-60 minutes per day,NA
1-2 hours per day,12
1-2 hours per day,8
10-30 minutes per day,NA
NA,NA
1-2 hours per day,2
1-2 hours per day,20
NA,NA
2-3 hours per day,8
2-3 hours per day,1
10-30 minutes per day,NA
NA,NA
Presented but no response,NA
2-3 hours per day,NA
NA,NA
NA,NA
2-3 hours per day,NA
31-60 minutes per day,NA
NA,NA
10-30 minutes per day,10
NA,NA
1-2 hours per day,NA
1-2 hours per day,3
NA,NA
2-3 hours per day,NA
31-60 minutes per day,NA
10-30 minutes per day,NA
NA,NA
1-2 hours per day,NA
31-60 minutes per day,24
Less than 10 minutes per day,NA
1-2 hours per day,NA
NA,NA
10-30 minutes per day,NA
More than 3 hours per day,NA
10-30 minutes per day,NA
NA,NA
10-30 minutes per day,NA
2-3 hours per day,NA
NA,10
2-3 hours per day,NA
NA,3
31-60 minutes per day,NA
31-60 minutes per day,3
31-60 minutes per day,NA
NA,1
NA,1
NA,NA
NA,NA
More than 3 hours per day,NA
10-30 minutes per day,NA
NA,NA
More than 3 hours per day,NA
1-2 hours per day,NA
1-2 hours per day,NA
2-3 hours per day,NA
NA,NA
Less than 10 minutes per day,NA
More than 3 hours per day,70
2-3 hours per day,NA
NA,NA
More than 3 hours per day,3
31-60 minutes per day,NA
10-30 minutes per day,NA
31-60 minutes per day,NA
Less than 10 minutes per day,7
Less than 10 minutes per day,NA
Less than 10 minutes per day,2
Less than 10 minutes per day,NA
2-3 hours per day,NA
NA,NA
NA,NA
Less than 10 minutes per day,NA
1-2 hours per day,NA
NA,NA
31-60 minutes per day,14
More than 3 hours per day,NA
NA,6
More than 3 hours per day,NA
2-3 hours per day,NA
More than 3 hours per day,NA
1-2 hours per day,17
10-30 minutes per day,NA
NA,NA
1-2 hours per day,NA
NA,NA
Presented but no response,NA
31-60 minutes per day,8
More than 3 hours per day,NA
1-2 hours per day,16
2-3 hours per day,NA
2-3 hours per day,NA
2-3 hours per day,1
NA,NA
1-2 hours per day,NA
10-30 minutes per day,NA
NA,NA
More than 3 hours per day,3
1-2 hours per day,NA
10-30 minutes per day,NA
1-2 hours per day,NA
NA,6
2-3 hours per day,NA
1-2 hours per day,NA
NA,NA
1-2 hours per day,NA
1-2 hours per day,NA
10-30 minutes per day,NA
2-3 hours per day,NA
Less than 10 minutes per day,NA
More than 3 hours per day,NA
10-30 minutes per day,NA
1-2 hours per day,8
31-60 minutes per day,40
NA,NA
31-60 minutes per day,95
10-30 minutes per day,3
NA,NA
2-3 hours per day,NA
NA,NA
NA,NA
2-3 hours per day,101
Less than 10 minutes per day,168
10-30 minutes per day,NA
31-60 minutes per day,5
Less than 10 minutes per day,NA
NA,NA
2-3 hours per day,NA
2-3 hours per day,NA
31-60 minutes per day,10
NA,NA
More than 3 hours per day,4
31-60 minutes per day,NA
1-2 hours per day,4
NA,NA
NA,NA
NA,NA
1-2 hours per day,NA
31-60 minutes per day,NA
10-30 minutes per day,3
31-60 minutes per day,NA
1-2 hours per day,25
1-2 hours per day,5
2-3 hours per day,NA
NA,NA
More than 3 hours per day,NA
31-60 minutes per day,NA
More than 3 hours per day,0
NA,NA
1-2 hours per day,NA
2-3 hours per day,NA
NA,30
NA,30
NA,NA
10-30 minutes per day,3
10-30 minutes per day,16
More than 3 hours per day,NA
2-3 hours per day,4
31-60 minutes per day,8
Presented but no response,NA
1-2 hours per day,80
NA,NA
31-60 minutes per day,9
1-2 hours per day,NA
More than 3 hours per day,NA
NA,NA
1-2 hours per day,NA
More than 3 hours per day,NA
More than 3 hours per day,168
10-30 minutes per day,NA
NA,NA
More than 3 hours per day,NA
10-30 minutes per day,NA
NA,NA
31-60 minutes per day,2
More than 3 hours per day,NA
10-30 minutes per day,16
NA,NA
2-3 hours per day,NA
Less than 10 minutes per day,NA
NA,NA
10-30 minutes per day,NA
NA,NA
NA,2
NA,NA
1-2 hours per day,NA
NA,2
NA,4
1-2 hours per day,NA
31-60 minutes per day,NA
Less than 10 minutes per day,NA
More than 3 hours per day,5
31-60 minutes per day,NA
More than 3 hours per day,NA
31-60 minutes per day,NA
31-60 minutes per day,NA
1-2 hours per day,105
NA,NA
NA,NA
2-3 hours per day,4
Less than 10 minutes per day,NA
10-30 minutes per day,NA
More than 3 hours per day,7
NA,NA
10-30 minutes per day,3
More than 3 hours per day,10
Less than 10 minutes per day,NA
1-2 hours per day,4
1-2 hours per day,NA
More than 3 hours per day,NA
NA,1
NA,7
10-30 minutes per day,NA
More than 3 hours per day,NA
10-30 minutes per day,4
10-30 minutes per day,4
2-3 hours per day,NA
Less than 10 minutes per day,NA
31-60 minutes per day,1
2-3 hours per day,NA
1-2 hours per day,NA
1-2 hours per day,10
10-30 minutes per day,NA
NA,4
NA,4
31-60 minutes per day,NA
31-60 minutes per day,NA
NA,NA
31-60 minutes per day,10
2-3 hours per day,30
10-30 minutes per day,NA
10-30 minutes per day,NA
1-2 hours per day,NA
10-30 minutes per day,43
2-3 hours per day,NA
31-60 minutes per day,NA
NA,8
10-30 minutes per day,NA
10-30 minutes per day,NA
NA,NA
1-2 hours per day,NA
NA,NA
2-3 hours per day,NA
Less than 10 minutes per day,NA
More than 3 hours per day,NA
1-2 hours per day,NA
1-2 hours per day,NA
10-30 minutes per day,NA
NA,NA
More than 3 hours per day,20
31-60 minutes per day,NA
NA,0
31-60 minutes per day,NA
NA,0
10-30 minutes per day,NA
NA,1
NA,1
2-3 hours per day,6
1-2 hours per day,3
NA,NA
31-60 minutes per day,16
More than 3 hours per day,NA
NA,NA
1-2 hours per day,NA
NA,NA
More than 3 hours per day,6
More than 3 hours per day,168
1-2 hours per day,153
NA,NA
Less than 10 minutes per day,NA
1-2 hours per day,NA
31-60 minutes per day,NA
NA,NA
2-3 hours per day,NA
NA,NA
2-3 hours per day,NA
31-60 minutes per day,NA
More than 3 hours per day,7
31-60 minutes per day,NA
2-3 hours per day,3
1-2 hours per day,65
2-3 hours per day,NA
NA,NA
10-30 minutes per day,NA
More than 3 hours per day,NA
1-2 hours per day,NA
More than 3 hours per day,NA
2-3 hours per day,NA
31-60 minutes per day,NA
More than 3 hours per day,NA
1-2 hours per day,NA
More than 3 hours per day,2
Less than 10 minutes per day,NA
10-30 minutes per day,NA
NA,NA
NA,4
NA,30
More than 3 hours per day,NA
2-3 hours per day,3
2-3 hours per day,4
31-60 minutes per day,32
10-30 minutes per day,NA
2-3 hours per day,NA
1-2 hours per day,NA
NA,1
NA,0
1-2 hours per day,NA
10-30 minutes per day,5
More than 3 hours per day,40
10-30 minutes per day,NA
1-2 hours per day,NA
More than 3 hours per day,4
NA,NA
More than 3 hours per day,NA
More than 3 hours per day,100
1-2 hours per day,NA
NA,NA
1-2 hours per day,NA
31-60 minutes per day,3
More than 3 hours per day,NA
More than 3 hours per day,NA
31-60 minutes per day,10
10-30 minutes per day,NA
1-2 hours per day,NA
More than 3 hours per day,14
NA,NA
2-3 hours per day,3
31-60 minutes per day,NA
1-2 hours per day,NA
More than 3 hours per day,14
1-2 hours per day,NA
10-30 minutes per day,NA
2-3 hours per day,NA
10-30 minutes per day,NA
10-30 minutes per day,NA
2-3 hours per day,NA
NA,NA
NA,NA
NA,NA
10-30 minutes per day,NA
1-2 hours per day,NA
10-30 minutes per day,12
1-2 hours per day,4
NA,NA
31-60 minutes per day,NA
1-2 hours per day,NA
NA,NA
NA,NA
NA,NA
1-2 hours per day,NA
31-60 minutes per day,NA
31-60 minutes per day,52
2-3 hours per day,NA
2-3 hours per day,NA
31-60 minutes per day,NA
31-60 minutes per day,NA
Less than 10 minutes per day,15
1-2 hours per day,NA
1-2 hours per day,NA
NA,NA
2-3 hours per day,NA
NA,NA
NA,NA
2-3 hours per day,NA
More than 3 hours per day,NA
31-60 minutes per day,0
1-2 hours per day,NA
More than 3 hours per day,3
10-30 minutes per day,NA
NA,NA
Less than 10 minutes per day,NA
1-2 hours per day,NA
10-30 minutes per day,NA
10-30 minutes per day,6
31-60 minutes per day,NA
More than 3 hours per day,10
NA,NA
More than 3 hours per day,10
More than 3 hours per day,8
NA,6
1-2 hours per day,NA
NA,5
NA,NA
10-30 minutes per day,NA
NA,NA
NA,10
NA,2
More than 3 hours per day,NA
NA,NA
NA,NA
Less than 10 minutes per day,NA
1-2 hours per day,NA
More than 3 hours per day,NA
2-3 hours per day,5
NA,NA
More than 3 hours per day,NA
31-60 minutes per day,49
NA,NA
NA,NA
NA,NA
NA,NA
NA,NA
More than 3 hours per day,0
NA,NA
10-30 minutes per day,NA
31-60 minutes per day,NA
NA,NA
More than 3 hours per day,3
More than 3 hours per day,5
NA,NA
NA,NA
NA,NA
1-2 hours per day,NA
31-60 minutes per day,5
10-30 minutes per day,NA
31-60 minutes per day,NA
10-30 minutes per day,NA
31-60 minutes per day,8
31-60 minutes per day,NA
1-2 hours per day,10
31-60 minutes per day,NA
31-60 minutes per day,NA
10-30 minutes per day,6
31-60 minutes per day,3
NA,NA
NA,NA
10-30 minutes per day,NA
1-2 hours per day,2
More than 3 hours per day,NA
More than 3 hours per day,10
1-2 hours per day,3
10-30 minutes per day,NA
NA,NA
NA,NA
2-3 hours per day,10
NA,NA
10-30 minutes per day,NA
31-60 minutes per day,10
1-2 hours per day,NA
More than 3 hours per day,NA
NA,5
31-60 minutes per day,NA
1-2 hours per day,2
10-30 minutes per day,NA
Less than 10 minutes per day,3
10-30 minutes per day,NA
NA,NA
More than 3 hours per day,5
10-30 minutes per day,NA
More than 3 hours per day,1
31-60 minutes per day,5
NA,NA
31-60 minutes per day,2
NA,NA
10-30 minutes per day,NA
NA,NA
More than 3 hours per day,NA
More than 3 hours per day,NA
NA,NA
NA,NA
2-3 hours per day,NA
10-30 minutes per day,NA
Less than 10 minutes per day,NA
10-30 minutes per day,NA
2-3 hours per day,NA
NA,NA
31-60 minutes per day,5
Less than 10 minutes per day,NA
10-30 minutes per day,NA
1-2 hours per day,6
31-60 minutes per day,NA
1-2 hours per day,28
1-2 hours per day,NA
More than 3 hours per day,5
2-3 hours per day,5
10-30 minutes per day,36
1-2 hours per day,NA
1-2 hours per day,NA
31-60 minutes per day,NA
NA,NA
2-3 hours per day,NA
NA,NA
NA,NA
NA,NA
NA,NA
NA,NA
2-3 hours per day,NA
31-60 minutes per day,NA
10-30 minutes per day,NA
1-2 hours per day,2
31-60 minutes per day,16
31-60 minutes per day,NA
31-60 minutes per day,NA
More than 3 hours per day,NA
Presented but no response,NA
NA,NA
10-30 minutes per day,NA
31-60 minutes per day,1
More than 3 hours per day,NA
10-30 minutes per day,NA
Less than 10 minutes per day,NA
1-2 hours per day,NA
NA,NA
1-2 hours per day,10
1-2 hours per day,5
More than 3 hours per day,1
NA,NA
2-3 hours per day,NA
More than 3 hours per day,NA
2-3 hours per day,13
2-3 hours per day,NA
NA,NA
31-60 minutes per day,NA
10-30 minutes per day,NA
2-3 hours per day,7
1-2 hours per day,NA
NA,1
10-30 minutes per day,NA
NA,NA
More than 3 hours per day,NA
More than 3 hours per day,2
More than 3 hours per day,NA
10-30 minutes per day,NA
31-60 minutes per day,NA
NA,NA
2-3 hours per day,NA
NA,NA
31-60 minutes per day,3
More than 3 hours per day,NA
NA,NA
2-3 hours per day,NA
Less than 10 minutes per day,NA
NA,7
NA,14
2-3 hours per day,NA
1-2 hours per day,NA
More than 3 hours per day,20
More than 3 hours per day,NA
10-30 minutes per day,NA
2-3 hours per day,NA
10-30 minutes per day,NA
More than 3 hours per day,150
10-30 minutes per day,NA
31-60 minutes per day,9
Less than 10 minutes per day,NA
More than 3 hours per day,NA
31-60 minutes per day,8
Less than 10 minutes per day,NA
2-3 hours per day,NA
2-3 hours per day,NA
2-3 hours per day,NA
1-2 hours per day,NA
2-3 hours per day,NA
1-2 hours per day,NA
2-3 hours per day,NA
1-2 hours per day,12
More than 3 hours per day,NA
31-60 minutes per day,NA
1-2 hours per day,NA
31-60 minutes per day,NA
NA,NA
10-30 minutes per day,NA
31-60 minutes per day,8
1-2 hours per day,NA
NA,NA
NA,NA
10-30 minutes per day,NA
31-60 minutes per day,3
2-3 hours per day,2
31-60 minutes per day,NA
1-2 hours per day,NA
NA,NA
31-60 minutes per day,2
NA,15
NA,30
10-30 minutes per day,NA
1-2 hours per day,NA
10-30 minutes per day,NA
1-2 hours per day,NA
10-30 minutes per day,NA
NA,NA
NA,NA
31-60 minutes per day,10
31-60 minutes per day,NA
10-30 minutes per day,NA
1-2 hours per day,NA
2-3 hours per day,5
NA,NA
1-2 hours per day,3
31-60 minutes per day,NA
NA,4
NA,2
2-3 hours per day,14
10-30 minutes per day,NA
More than 3 hours per day,NA
NA,8
NA,8
10-30 minutes per day,NA
10-30 minutes per day,NA
31-60 minutes per day,NA
More than 3 hours per day,NA
NA,NA
1-2 hours per day,NA
NA,NA
10-30 minutes per day,2
Less than 10 minutes per day,11
31-60 minutes per day,NA
1-2 hours per day,NA
31-60 minutes per day,NA
Less than 10 minutes per day,NA
1-2 hours per day,3
NA,NA
1-2 hours per day,3
1-2 hours per day,5
2-3 hours per day,NA
More than 3 hours per day,NA
Less than 10 minutes per day,NA
1-2 hours per day,NA
Less than 10 minutes per day,NA
Less than 10 minutes per day,5
Less than 10 minutes per day,NA
NA,NA
2-3 hours per day,NA
1-2 hours per day,0
10-30 minutes per day,NA
NA,NA
10-30 minutes per day,NA
More than 3 hours per day,NA
10-30 minutes per day,2
31-60 minutes per day,NA
Less than 10 minutes per day,NA
NA,NA
2-3 hours per day,8
31-60 minutes per day,NA
1-2 hours per day,NA
31-60 minutes per day,NA
NA,NA
1-2 hours per day,0
NA,NA
NA,NA
31-60 minutes per day,52
Less than 10 minutes per day,NA
More than 3 hours per day,NA
Less than 10 minutes per day,NA
1-2 hours per day,NA
NA,NA
NA,NA
10-30 minutes per day,NA
1-2 hours per day,0
NA,NA
1-2 hours per day,NA
NA,NA
1-2 hours per day,NA
31-60 minutes per day,1
More than 3 hours per day,NA
10-30 minutes per day,NA
1-2 hours per day,NA
31-60 minutes per day,8
2-3 hours per day,NA
1-2 hours per day,NA
31-60 minutes per day,NA
More than 3 hours per day,NA
2-3 hours per day,NA
10-30 minutes per day,NA
1-2 hours per day,7
2-3 hours per day,NA
31-60 minutes per day,4
1-2 hours per day,2
10-30 minutes per day,NA
NA,NA
NA,NA
More than 3 hours per day,NA
2-3 hours per day,NA
NA,NA
NA,NA
2-3 hours per day,2
More than 3 hours per day,4
2-3 hours per day,5
31-60 minutes per day,NA
More than 3 hours per day,8
1-2 hours per day,NA
10-30 minutes per day,NA
10-30 minutes per day,166
Less than 10 minutes per day,NA
NA,NA
31-60 minutes per day,NA
31-60 minutes per day,5
NA,NA
10-30 minutes per day,NA
2-3 hours per day,NA
NA,NA
31-60 minutes per day,NA
Less than 10 minutes per day,NA
1-2 hours per day,NA
NA,NA
10-30 minutes per day,NA
1-2 hours per day,NA
2-3 hours per day,7
Less than 10 minutes per day,NA
1-2 hours per day,NA
1-2 hours per day,NA
NA,NA
NA,NA
31-60 minutes per day,20
31-60 minutes per day,5
More than 3 hours per day,NA
More than 3 hours per day,NA
31-60 minutes per day,NA
2-3 hours per day,NA
More than 3 hours per day,NA
2-3 hours per day,NA
1-2 hours per day,NA
NA,NA
1-2 hours per day,NA
31-60 minutes per day,NA
NA,3
NA,2
NA,NA
More than 3 hours per day,NA
NA,NA
More than 3 hours per day,8
2-3 hours per day,NA
31-60 minutes per day,NA
Presented but no response,NA
Less than 10 minutes per day,NA
NA,NA
Presented but no response,NA
1-2 hours per day,10
NA,NA
31-60 minutes per day,NA
2-3 hours per day,5
2-3 hours per day,NA
More than 3 hours per day,NA
1-2 hours per day,NA
More than 3 hours per day,NA
10-30 minutes per day,20
NA,NA
NA,NA
10-30 minutes per day,NA
31-60 minutes per day,11
10-30 minutes per day,NA
1-2 hours per day,NA
NA,NA
2-3 hours per day,NA
NA,NA
NA,30
31-60 minutes per day,NA
NA,20
1-2 hours per day,NA
More than 3 hours per day,20
31-60 minutes per day,NA
1-2 hours per day,NA
1-2 hours per day,NA
31-60 minutes per day,NA
31-60 minutes per day,8
1-2 hours per day,NA
31-60 minutes per day,6
31-60 minutes per day,NA
1-2 hours per day,NA
31-60 minutes per day,2
NA,6
NA,4
10-30 minutes per day,NA
2-3 hours per day,NA
More than 3 hours per day,NA
1-2 hours per day,NA
31-60 minutes per day,NA
NA,NA
NA,NA
1-2 hours per day,NA
NA,NA
More than 3 hours per day,NA
More than 3 hours per day,NA
1-2 hours per day,2
31-60 minutes per day,4
More than 3 hours per day,NA
1-2 hours per day,NA
NA,NA
NA,NA
2-3 hours per day,NA
1-2 hours per day,NA
1-2 hours per day,NA
1-2 hours per day,NA
NA,NA
NA,NA
31-60 minutes per day,NA
10-30 minutes per day,6
NA,NA
NA,NA
2-3 hours per day,5
10-30 minutes per day,NA
NA,NA
Less than 10 minutes per day,NA
10-30 minutes per day,NA
2-3 hours per day,NA
NA,NA
More than 3 hours per day,NA
2-3 hours per day,NA
2-3 hours per day,50
31-60 minutes per day,NA
2-3 hours per day,168
1-2 hours per day,24
NA,NA
31-60 minutes per day,NA
10-30 minutes per day,NA
1-2 hours per day,36
1-2 hours per day,4
31-60 minutes per day,NA
31-60 minutes per day,6
10-30 minutes per day,NA
31-60 minutes per day,10
More than 3 hours per day,NA
More than 3 hours per day,NA
31-60 minutes per day,0
Less than 10 minutes per day,NA
NA,4
NA,2
2-3 hours per day,NA
10-30 minutes per day,NA
31-60 minutes per day,NA
10-30 minutes per day,160
2-3 hours per day,NA
NA,NA
31-60 minutes per day,NA
1-2 hours per day,10
NA,NA
31-60 minutes per day,NA
More than 3 hours per day,NA
2-3 hours per day,NA
NA,NA
Presented but no response,NA
More than 3 hours per day,NA
1-2 hours per day,NA
2-3 hours per day,NA
NA,NA
31-60 minutes per day,NA
NA,NA
More than 3 hours per day,5
NA,NA
NA,NA
31-60 minutes per day,NA
More than 3 hours per day,NA
1-2 hours per day,70
31-60 minutes per day,NA
31-60 minutes per day,NA
NA,NA
10-30 minutes per day,NA
NA,NA
NA,NA
NA,NA
2-3 hours per day,NA
NA,1
NA,2
NA,NA
More than 3 hours per day,NA
1-2 hours per day,4
10-30 minutes per day,NA
10-30 minutes per day,0
1-2 hours per day,16
2-3 hours per day,0
NA,NA
31-60 minutes per day,NA
More than 3 hours per day,NA
Less than 10 minutes per day,NA
31-60 minutes per day,NA
31-60 minutes per day,4
10-30 minutes per day,5
NA,NA
More than 3 hours per day,NA
31-60 minutes per day,NA
More than 3 hours per day,21
2-3 hours per day,NA
31-60 minutes per day,6
31-60 minutes per day,NA
NA,8
More than 3 hours per day,NA
NA,NA
NA,NA
1-2 hours per day,NA
NA,NA
NA,NA
2-3 hours per day,NA
31-60 minutes per day,70
31-60 minutes per day,NA
NA,NA
10-30 minutes per day,NA
More than 3 hours per day,NA
10-30 minutes per day,NA
Less than 10 minutes per day,50
NA,NA
2-3 hours per day,NA
More than 3 hours per day,NA
31-60 minutes per day,NA
NA,NA
10-30 minutes per day,NA
NA,NA
31-60 minutes per day,7
Less than 10 minutes per day,NA
2-3 hours per day,NA
2-3 hours per day,NA
NA,NA
1-2 hours per day,NA
More than 3 hours per day,40
NA,NA
2-3 hours per day,0
31-60 minutes per day,NA
1-2 hours per day,27
1-2 hours per day,40
NA,NA
2-3 hours per day,NA
2-3 hours per day,NA
10-30 minutes per day,NA
10-30 minutes per day,NA
NA,NA
NA,NA
More than 3 hours per day,NA
Less than 10 minutes per day,6
NA,10
NA,6
Less than 10 minutes per day,NA
More than 3 hours per day,NA
1-2 hours per day,60
10-30 minutes per day,20
31-60 minutes per day,30
More than 3 hours per day,NA
1-2 hours per day,100
31-60 minutes per day,8
10-30 minutes per day,NA
NA,NA
31-60 minutes per day,NA
10-30 minutes per day,NA
10-30 minutes per day,8
NA,NA
31-60 minutes per day,NA
2-3 hours per day,NA
NA,NA
10-30 minutes per day,NA
NA,NA
2-3 hours per day,NA
10-30 minutes per day,1
2-3 hours per day,NA
10-30 minutes per day,163
10-30 minutes per day,6
10-30 minutes per day,NA
1-2 hours per day,NA
More than 3 hours per day,11
10-30 minutes per day,NA
NA,NA
More than 3 hours per day,NA
10-30 minutes per day,NA
NA,NA
31-60 minutes per day,NA
10-30 minutes per day,NA
31-60 minutes per day,NA
NA,NA
1-2 hours per day,NA
10-30 minutes per day,10
NA,NA
10-30 minutes per day,NA
2-3 hours per day,NA
Less than 10 minutes per day,10
More than 3 hours per day,NA
31-60 minutes per day,59
1-2 hours per day,6
10-30 minutes per day,4
2-3 hours per day,NA
NA,NA
2-3 hours per day,NA
More than 3 hours per day,35
31-60 minutes per day,NA
NA,NA
More than 3 hours per day,NA
31-60 minutes per day,NA
31-60 minutes per day,NA
10-30 minutes per day,NA
NA,NA
31-60 minutes per day,NA
More than 3 hours per day,NA
1-2 hours per day,10
NA,NA
NA,3
NA,1
NA,NA
31-60 minutes per day,NA
31-60 minutes per day,NA
NA,NA
More than 3 hours per day,NA
10-30 minutes per day,70
1-2 hours per day,10
Less than 10 minutes per day,NA
10-30 minutes per day,NA
1-2 hours per day,NA
1-2 hours per day,2
NA,0
NA,0
2-3 hours per day,NA
Less than 10 minutes per day,NA
31-60 minutes per day,NA
NA,NA
More than 3 hours per day,130
More than 3 hours per day,NA
31-60 minutes per day,NA
More than 3 hours per day,11
1-2 hours per day,2
More than 3 hours per day,NA
1-2 hours per day,50
10-30 minutes per day,NA
NA,1
NA,1
Presented but no response,NA
More than 3 hours per day,10
31-60 minutes per day,0
1-2 hours per day,NA
More than 3 hours per day,NA
More than 3 hours per day,30
10-30 minutes per day,2
1-2 hours per day,NA
NA,NA
More than 3 hours per day,10
31-60 minutes per day,5
31-60 minutes per day,NA
Less than 10 minutes per day,NA
More than 3 hours per day,NA
2-3 hours per day,NA
2-3 hours per day,40
More than 3 hours per day,7
Less than 10 minutes per day,4
NA,NA
31-60 minutes per day,NA
31-60 minutes per day,NA
31-60 minutes per day,6
NA,NA
NA,NA
More than 3 hours per day,3
2-3 hours per day,NA
NA,2
2-3 hours per day,10
31-60 minutes per day,NA
NA,8
NA,9
31-60 minutes per day,NA
NA,NA
NA,NA
31-60 minutes per day,NA
NA,NA
31-60 minutes per day,NA
2-3 hours per day,NA
1-2 hours per day,NA
NA,NA
10-30 minutes per day,NA
More than 3 hours per day,NA
10-30 minutes per day,NA
10-30 minutes per day,NA
10-30 minutes per day,NA
NA,NA
31-60 minutes per day,NA
NA,NA
2-3 hours per day,NA
31-60 minutes per day,10
More than 3 hours per day,NA
10-30 minutes per day,NA
1-2 hours per day,NA
NA,NA
1-2 hours per day,NA
NA,NA
Less than 10 minutes per day,NA
10-30 minutes per day,45
10-30 minutes per day,3
NA,NA
2-3 hours per day,NA
31-60 minutes per day,NA
31-60 minutes per day,NA
NA,2
More than 3 hours per day,NA
NA,30
NA,4
More than 3 hours per day,NA
10-30 minutes per day,NA
31-60 minutes per day,NA
31-60 minutes per day,NA
Less than 10 minutes per day,NA
10-30 minutes per day,NA
1-2 hours per day,NA
1-2 hours per day,NA
2-3 hours per day,NA
More than 3 hours per day,NA
1-2 hours per day,14
10-30 minutes per day,NA
2-3 hours per day,NA
2-3 hours per day,0
More than 3 hours per day,6
31-60 minutes per day,4
2-3 hours per day,NA
31-60 minutes per day,NA
1-2 hours per day,NA
31-60 minutes per day,0
More than 3 hours per day,2
1-2 hours per day,NA
NA,NA
31-60 minutes per day,NA
More than 3 hours per day,NA
Less than 10 minutes per day,10
Less than 10 minutes per day,NA
31-60 minutes per day,NA
10-30 minutes per day,NA
31-60 minutes per day,NA
Less than 10 minutes per day,NA
31-60 minutes per day,NA
More than 3 hours per day,NA
2-3 hours per day,NA
NA,NA
1-2 hours per day,NA
31-60 minutes per day,NA
NA,NA
2-3 hours per day,7
NA,NA
31-60 minutes per day,3
10-30 minutes per day,NA
2-3 hours per day,78
2-3 hours per day,NA
More than 3 hours per day,NA
10-30 minutes per day,NA
1-2 hours per day,14
31-60 minutes per day,NA
31-60 minutes per day,8
NA,NA
NA,NA
10-30 minutes per day,6
More than 3 hours per day,NA
NA,NA
1-2 hours per day,4
10-30 minutes per day,NA
31-60 minutes per day,NA
Less than 10 minutes per day,1
1-2 hours per day,15
1-2 hours per day,10
10-30 minutes per day,4
2-3 hours per day,NA
1-2 hours per day,0
NA,NA
10-30 minutes per day,NA
NA,NA
10-30 minutes per day,2
NA,NA
More than 3 hours per day,4
10-30 minutes per day,NA
Less than 10 minutes per day,NA
NA,NA
More than 3 hours per day,4
10-30 minutes per day,NA
10-30 minutes per day,NA
10-30 minutes per day,4
10-30 minutes per day,NA
31-60 minutes per day,168
2-3 hours per day,NA
2-3 hours per day,NA
1-2 hours per day,11
1-2 hours per day,8
31-60 minutes per day,NA
NA,NA
10-30 minutes per day,NA
NA,NA
NA,NA
31-60 minutes per day,NA
31-60 minutes per day,NA
10-30 minutes per day,NA
Less than 10 minutes per day,NA
10-30 minutes per day,15
NA,NA
NA,NA
1-2 hours per day,6
31-60 minutes per day,NA
More than 3 hours per day,NA
1-2 hours per day,NA
31-60 minutes per day,2
31-60 minutes per day,NA
More than 3 hours per day,NA
1-2 hours per day,NA
More than 3 hours per day,NA
31-60 minutes per day,NA
More than 3 hours per day,NA
More than 3 hours per day,NA
1-2 hours per day,8
NA,NA
1-2 hours per day,NA
1-2 hours per day,2
1-2 hours per day,NA
More than 3 hours per day,NA
1-2 hours per day,NA
10-30 minutes per day,NA
Less than 10 minutes per day,NA
1-2 hours per day,NA
1-2 hours per day,NA
1-2 hours per day,0
2-3 hours per day,NA
31-60 minutes per day,NA
More than 3 hours per day,3
1-2 hours per day,10
1-2 hours per day,NA
2-3 hours per day,NA
2-3 hours per day,NA
NA,5
NA,30
31-60 minutes per day,NA
NA,NA
1-2 hours per day,12
NA,30
More than 3 hours per day,NA
More than 3 hours per day,NA
Less than 10 minutes per day,NA
More than 3 hours per day,NA
More than 3 hours per day,10
Less than 10 minutes per day,NA
NA,2
NA,2
31-60 minutes per day,NA
1-2 hours per day,NA
Less than 10 minutes per day,10
1-2 hours per day,35
31-60 minutes per day,4
1-2 hours per day,NA
Less than 10 minutes per day,NA
2-3 hours per day,NA
More than 3 hours per day,NA
More than 3 hours per day,NA
10-30 minutes per day,NA
10-30 minutes per day,NA
More than 3 hours per day,NA
NA,NA
NA,NA
31-60 minutes per day,NA
Less than 10 minutes per day,1
Less than 10 minutes per day,NA
More than 3 hours per day,NA
10-30 minutes per day,1
1-2 hours per day,10
More than 3 hours per day,NA
NA,10
NA,4
2-3 hours per day,NA
NA,NA
31-60 minutes per day,8
31-60 minutes per day,2
More than 3 hours per day,NA
31-60 minutes per day,21
Less than 10 minutes per day,NA
NA,NA
10-30 minutes per day,NA
NA,NA
2-3 hours per day,NA
More than 3 hours per day,8
NA,1
NA,30
2-3 hours per day,NA
1-2 hours per day,3
1-2 hours per day,1
31-60 minutes per day,NA
NA,NA
NA,NA
NA,NA
2-3 hours per day,NA
10-30 minutes per day,6
2-3 hours per day,NA
10-30 minutes per day,NA
10-30 minutes per day,4
More than 3 hours per day,NA
10-30 minutes per day,NA
1-2 hours per day,NA
1-2 hours per day,NA
2-3 hours per day,7
2-3 hours per day,NA
NA,NA
More than 3 hours per day,NA
More than 3 hours per day,1
Less than 10 minutes per day,NA
1-2 hours per day,NA
NA,NA
31-60 minutes per day,NA
NA,2
NA,3
2-3 hours per day,NA
NA,10
NA,14
31-60 minutes per day,NA
10-30 minutes per day,NA
2-3 hours per day,NA
NA,NA
NA,NA
1-2 hours per day,NA
2-3 hours per day,5
More than 3 hours per day,NA
10-30 minutes per day,3
NA,NA
NA,NA
2-3 hours per day,6
NA,NA
31-60 minutes per day,NA
NA,1
10-30 minutes per day,3
NA,NA
10-30 minutes per day,10
More than 3 hours per day,NA
31-60 minutes per day,NA
1-2 hours per day,NA
31-60 minutes per day,NA
NA,NA
2-3 hours per day,NA
NA,NA
NA,NA
Less than 10 minutes per day,10
31-60 minutes per day,NA
Less than 10 minutes per day,NA
10-30 minutes per day,NA
10-30 minutes per day,NA
NA,NA
2-3 hours per day,NA
2-3 hours per day,NA
NA,NA
More than 3 hours per day,NA
More than 3 hours per day,NA
10-30 minutes per day,4
More than 3 hours per day,4
31-60 minutes per day,NA
31-60 minutes per day,NA
31-60 minutes per day,1
31-60 minutes per day,NA
Less than 10 minutes per day,0
More than 3 hours per day,30
10-30 minutes per day,NA
10-30 minutes per day,NA
2-3 hours per day,6
More than 3 hours per day,NA
1-2 hours per day,NA
31-60 minutes per day,NA
10-30 minutes per day,6
More than 3 hours per day,NA
31-60 minutes per day,8
NA,5
1-2 hours per day,NA
NA,NA
More than 3 hours per day,4
1-2 hours per day,8
31-60 minutes per day,NA
2-3 hours per day,NA
NA,NA
10-30 minutes per day,NA
31-60 minutes per day,NA
NA,0
More than 3 hours per day,NA
NA,1
31-60 minutes per day,12
Less than 10 minutes per day,NA
1-2 hours per day,NA
NA,NA
NA,NA
NA,NA
31-60 minutes per day,NA
1-2 hours per day,NA
1-2 hours per day,NA
1-2 hours per day,NA
31-60 minutes per day,NA
2-3 hours per day,NA
Less than 10 minutes per day,0
31-60 minutes per day,NA
1-2 hours per day,15
31-60 minutes per day,NA
NA,NA
NA,NA
More than 3 hours per day,NA
31-60 minutes per day,NA
1-2 hours per day,NA
31-60 minutes per day,NA
31-60 minutes per day,NA
NA,NA
1-2 hours per day,NA
1-2 hours per day,NA
2-3 hours per day,4
More than 3 hours per day,2
10-30 minutes per day,0
1-2 hours per day,NA
NA,NA
NA,NA
1-2 hours per day,NA
More than 3 hours per day,1
NA,NA
2-3 hours per day,NA
NA,NA
1-2 hours per day,2
NA,NA
More than 3 hours per day,20
31-60 minutes per day,NA
NA,NA
NA,NA
More than 3 hours per day,NA
10-30 minutes per day,NA
1-2 hours per day,25
31-60 minutes per day,NA
31-60 minutes per day,NA
31-60 minutes per day,NA
Less than 10 minutes per day,3
31-60 minutes per day,NA
2-3 hours per day,0
31-60 minutes per day,NA
2-3 hours per day,NA
1-2 hours per day,NA
1-2 hours per day,10
1-2 hours per day,NA
31-60 minutes per day,NA
NA,NA
More than 3 hours per day,1
NA,NA
More than 3 hours per day,6
More than 3 hours per day,5
More than 3 hours per day,NA
1-2 hours per day,NA
31-60 minutes per day,NA
2-3 hours per day,8
31-60 minutes per day,NA
1-2 hours per day,NA
1-2 hours per day,NA
NA,NA
10-30 minutes per day,NA
31-60 minutes per day,1
More than 3 hours per day,NA
31-60 minutes per day,10
2-3 hours per day,NA
2-3 hours per day,20
NA,NA
1-2 hours per day,50
10-30 minutes per day,28
1-2 hours per day,NA
31-60 minutes per day,NA
10-30 minutes per day,NA
1-2 hours per day,5
1-2 hours per day,NA
NA,NA
31-60 minutes per day,NA
NA,4
2-3 hours per day,NA
More than 3 hours per day,NA
More than 3 hours per day,NA
10-30 minutes per day,47
10-30 minutes per day,NA
NA,NA
Less than 10 minutes per day,NA
NA,NA
31-60 minutes per day,100
31-60 minutes per day,NA
1-2 hours per day,NA
1-2 hours per day,NA
NA,NA
31-60 minutes per day,10
10-30 minutes per day,NA
Less than 10 minutes per day,NA
31-60 minutes per day,3
NA,NA
1-2 hours per day,NA
31-60 minutes per day,NA
NA,0
More than 3 hours per day,20
10-30 minutes per day,10
10-30 minutes per day,NA
More than 3 hours per day,NA
NA,21
NA,24
31-60 minutes per day,8
10-30 minutes per day,NA
2-3 hours per day,NA
31-60 minutes per day,5
10-30 minutes per day,7
NA,7
1-2 hours per day,NA
NA,7
10-30 minutes per day,NA
NA,NA
NA,NA
NA,1
NA,5
31-60 minutes per day,4
10-30 minutes per day,3
31-60 minutes per day,10
NA,NA
31-60 minutes per day,NA
NA,NA
31-60 minutes per day,5
31-60 minutes per day,NA
10-30 minutes per day,3
10-30 minutes per day,NA
1-2 hours per day,NA
NA,NA
NA,NA
10-30 minutes per day,NA
NA,NA
Less than 10 minutes per day,NA
10-30 minutes per day,NA
31-60 minutes per day,NA
2-3 hours per day,NA
NA,3
31-60 minutes per day,NA
NA,4
31-60 minutes per day,12
NA,NA
31-60 minutes per day,NA
More than 3 hours per day,NA
Less than 10 minutes per day,NA
NA,NA
31-60 minutes per day,NA
10-30 minutes per day,2
2-3 hours per day,NA
NA,30
NA,30
2-3 hours per day,NA
More than 3 hours per day,8
31-60 minutes per day,NA
More than 3 hours per day,21
31-60 minutes per day,NA
31-60 minutes per day,3
NA,NA
31-60 minutes per day,NA
NA,NA
10-30 minutes per day,NA
10-30 minutes per day,NA
10-30 minutes per day,NA
10-30 minutes per day,28
NA,NA
31-60 minutes per day,NA
NA,NA
NA,10
NA,30
More than 3 hours per day,NA
1-2 hours per day,20
2-3 hours per day,NA
NA,7
NA,6
Less than 10 minutes per day,NA
10-30 minutes per day,NA
Less than 10 minutes per day,NA
More than 3 hours per day,NA
1-2 hours per day,NA
NA,NA
31-60 minutes per day,8
NA,4
More than 3 hours per day,NA
NA,NA
1-2 hours per day,NA
10-30 minutes per day,3
NA,NA
10-30 minutes per day,NA
31-60 minutes per day,130
1-2 hours per day,NA
10-30 minutes per day,NA
10-30 minutes per day,7
Less than 10 minutes per day,79
1-2 hours per day,2
10-30 minutes per day,13
10-30 minutes per day,NA
NA,NA
1-2 hours per day,NA
10-30 minutes per day,2
NA,NA
1-2 hours per day,30
31-60 minutes per day,NA
10-30 minutes per day,14
More than 3 hours per day,7
NA,NA
31-60 minutes per day,NA
1-2 hours per day,1
NA,NA
10-30 minutes per day,NA
31-60 minutes per day,NA
10-30 minutes per day,1
More than 3 hours per day,12
NA,NA
NA,NA
NA,NA
More than 3 hours per day,NA
1-2 hours per day,NA
2-3 hours per day,NA
2-3 hours per day,NA
10-30 minutes per day,NA
31-60 minutes per day,8
1-2 hours per day,NA
NA,NA
1-2 hours per day,2
More than 3 hours per day,2
NA,NA
More than 3 hours per day,NA
31-60 minutes per day,NA
10-30 minutes per day,NA
More than 3 hours per day,34
Presented but no response,NA
1-2 hours per day,NA
NA,NA
NA,NA
More than 3 hours per day,20
31-60 minutes per day,NA
1-2 hours per day,NA
NA,8
1-2 hours per day,NA
31-60 minutes per day,2
1-2 hours per day,NA
NA,NA
10-30 minutes per day,NA
More than 3 hours per day,NA
1-2 hours per day,NA
More than 3 hours per day,10
31-60 minutes per day,NA
More than 3 hours per day,NA
1-2 hours per day,2
2-3 hours per day,NA
1-2 hours per day,NA
10-30 minutes per day,NA
NA,NA
NA,NA
NA,NA
1-2 hours per day,4
10-30 minutes per day,NA
10-30 minutes per day,NA
Less than 10 minutes per day,4
NA,NA
31-60 minutes per day,2
10-30 minutes per day,NA
10-30 minutes per day,NA
More than 3 hours per day,NA
2-3 hours per day,NA
NA,1
NA,20
NA,NA
NA,2
NA,NA
10-30 minutes per day,NA
More than 3 hours per day,NA
2-3 hours per day,NA
2-3 hours per day,NA
1-2 hours per day,NA
31-60 minutes per day,NA
10-30 minutes per day,NA
31-60 minutes per day,NA
More than 3 hours per day,50
More than 3 hours per day,NA
NA,3
NA,4
1-2 hours per day,NA
NA,NA
More than 3 hours per day,1
2-3 hours per day,25
1-2 hours per day,NA
NA,NA
1-2 hours per day,NA
NA,NA
More than 3 hours per day,NA
NA,NA
31-60 minutes per day,NA
10-30 minutes per day,2
2-3 hours per day,NA
NA,NA
2-3 hours per day,2
10-30 minutes per day,9
NA,7
NA,14
1-2 hours per day,NA
2-3 hours per day,NA
31-60 minutes per day,1
2-3 hours per day,NA
NA,NA
NA,1
10-30 minutes per day,NA
31-60 minutes per day,NA
NA,NA
More than 3 hours per day,NA
1-2 hours per day,NA
10-30 minutes per day,1
NA,NA
31-60 minutes per day,NA
NA,NA
More than 3 hours per day,2
More than 3 hours per day,2
NA,2
31-60 minutes per day,NA
NA,1
NA,NA
1-2 hours per day,NA
NA,4
1-2 hours per day,NA
10-30 minutes per day,3
Less than 10 minutes per day,NA
1-2 hours per day,9
NA,NA
2-3 hours per day,NA
More than 3 hours per day,NA
More than 3 hours per day,NA
More than 3 hours per day,NA
31-60 minutes per day,NA
NA,NA
31-60 minutes per day,NA
2-3 hours per day,NA
10-30 minutes per day,NA
More than 3 hours per day,NA
Less than 10 minutes per day,4
1-2 hours per day,NA
NA,NA
Less than 10 minutes per day,NA
2-3 hours per day,NA
More than 3 hours per day,NA
31-60 minutes per day,NA
More than 3 hours per day,NA
1-2 hours per day,NA
More than 3 hours per day,1
10-30 minutes per day,1
2-3 hours per day,NA
NA,1
NA,2
1-2 hours per day,NA
2-3 hours per day,NA
31-60 minutes per day,12
NA,NA
NA,20
1-2 hours per day,NA
NA,7
10-30 minutes per day,NA
31-60 minutes per day,NA
1-2 hours per day,NA
More than 3 hours per day,NA
NA,NA
1-2 hours per day,5
More than 3 hours per day,NA
NA,NA
NA,NA
1-2 hours per day,3
10-30 minutes per day,NA
NA,NA
31-60 minutes per day,NA
NA,NA
1-2 hours per day,NA
2-3 hours per day,NA
1-2 hours per day,NA
NA,NA
2-3 hours per day,NA
31-60 minutes per day,7
NA,NA
1-2 hours per day,NA
NA,NA
Less than 10 minutes per day,7
More than 3 hours per day,NA
NA,3
More than 3 hours per day,NA
NA,3
NA,NA
31-60 minutes per day,3
31-60 minutes per day,NA
10-30 minutes per day,NA
2-3 hours per day,NA
NA,NA
31-60 minutes per day,7
1-2 hours per day,NA
NA,NA
More than 3 hours per day,NA
10-30 minutes per day,NA
31-60 minutes per day,14
NA,30
NA,30
2-3 hours per day,NA
2-3 hours per day,1
NA,6
31-60 minutes per day,NA
NA,3
31-60 minutes per day,NA
Less than 10 minutes per day,NA
NA,NA
1-2 hours per day,5
31-60 minutes per day,20
NA,NA
1-2 hours per day,NA
10-30 minutes per day,NA
NA,30
NA,1
More than 3 hours per day,NA
Presented but no response,NA
10-30 minutes per day,NA
NA,NA
NA,NA
10-30 minutes per day,NA
More than 3 hours per day,NA
NA,NA
31-60 minutes per day,NA
NA,NA
31-60 minutes per day,4
NA,NA
2-3 hours per day,NA
31-60 minutes per day,NA
NA,NA
31-60 minutes per day,8
2-3 hours per day,NA
31-60 minutes per day,NA
NA,NA
10-30 minutes per day,NA
1-2 hours per day,NA
31-60 minutes per day,3
31-60 minutes per day,NA
NA,NA
2-3 hours per day,NA
NA,NA
Less than 10 minutes per day,1
31-60 minutes per day,2
1-2 hours per day,4
10-30 minutes per day,NA
31-60 minutes per day,35
More than 3 hours per day,NA
1-2 hours per day,NA
Less than 10 minutes per day,NA
1-2 hours per day,NA
31-60 minutes per day,8
NA,NA
10-30 minutes per day,NA
NA,NA
31-60 minutes per day,5
Less than 10 minutes per day,NA
Less than 10 minutes per day,5
More than 3 hours per day,15
Less than 10 minutes per day,1
31-60 minutes per day,NA
NA,10
NA,1
10-30 minutes per day,NA
31-60 minutes per day,10
10-30 minutes per day,NA
31-60 minutes per day,NA
10-30 minutes per day,NA
NA,9
More than 3 hours per day,NA
NA,6
1-2 hours per day,NA
NA,NA
More than 3 hours per day,158
10-30 minutes per day,NA
10-30 minutes per day,NA
More than 3 hours per day,NA
2-3 hours per day,NA
NA,NA
More than 3 hours per day,3
10-30 minutes per day,NA
1-2 hours per day,7
31-60 minutes per day,NA
1-2 hours per day,NA
NA,NA
NA,NA
31-60 minutes per day,3
1-2 hours per day,NA
2-3 hours per day,NA
NA,3
2-3 hours per day,NA
NA,5
More than 3 hours per day,NA
31-60 minutes per day,5
1-2 hours per day,NA
31-60 minutes per day,NA
1-2 hours per day,NA
More than 3 hours per day,14
10-30 minutes per day,2
NA,NA
2-3 hours per day,NA
10-30 minutes per day,NA
2-3 hours per day,5
31-60 minutes per day,NA
2-3 hours per day,4
2-3 hours per day,3
2-3 hours per day,NA
1-2 hours per day,3
Less than 10 minutes per day,NA
31-60 minutes per day,NA
Less than 10 minutes per day,NA
NA,NA
NA,1
NA,1
10-30 minutes per day,NA
31-60 minutes per day,5
31-60 minutes per day,4
2-3 hours per day,NA
1-2 hours per day,NA
More than 3 hours per day,0
More than 3 hours per day,1
NA,NA
NA,NA
NA,NA
1-2 hours per day,5
31-60 minutes per day,4
Less than 10 minutes per day,NA
NA,NA
31-60 minutes per day,NA
31-60 minutes per day,NA
Less than 10 minutes per day,NA
2-3 hours per day,4
31-60 minutes per day,NA
Less than 10 minutes per day,NA
2-3 hours per day,NA
Less than 10 minutes per day,NA
31-60 minutes per day,NA
More than 3 hours per day,1
More than 3 hours per day,NA
1-2 hours per day,NA
NA,NA
Less than 10 minutes per day,NA
2-3 hours per day,8
2-3 hours per day,NA
Less than 10 minutes per day,NA
NA,NA
NA,NA
NA,NA
NA,NA
10-30 minutes per day,3
31-60 minutes per day,NA
31-60 minutes per day,NA
NA,NA
1-2 hours per day,NA
10-30 minutes per day,NA
2-3 hours per day,NA
31-60 minutes per day,4
1-2 hours per day,6
NA,NA
NA,NA
31-60 minutes per day,NA
1-2 hours per day,NA
2-3 hours per day,NA
31-60 minutes per day,NA
31-60 minutes per day,NA
31-60 minutes per day,NA
31-60 minutes per day,48
1-2 hours per day,NA
1-2 hours per day,4
NA,NA
NA,1
2-3 hours per day,NA
NA,NA
1-2 hours per day,NA
31-60 minutes per day,21
10-30 minutes per day,NA
NA,2
NA,30
NA,NA
10-30 minutes per day,NA
31-60 minutes per day,NA
NA,NA
NA,NA
NA,NA
10-30 minutes per day,NA
31-60 minutes per day,NA
10-30 minutes per day,NA
31-60 minutes per day,NA
NA,NA
More than 3 hours per day,2
More than 3 hours per day,2
10-30 minutes per day,2
1-2 hours per day,NA
10-30 minutes per day,NA
31-60 minutes per day,2
2-3 hours per day,20
10-30 minutes per day,7
More than 3 hours per day,5
NA,NA
More than 3 hours per day,NA
10-30 minutes per day,NA
31-60 minutes per day,14
More than 3 hours per day,28
NA,NA
Less than 10 minutes per day,3
1-2 hours per day,42
10-30 minutes per day,NA
NA,NA
More than 3 hours per day,0
1-2 hours per day,NA
31-60 minutes per day,2
1-2 hours per day,NA
10-30 minutes per day,2
1-2 hours per day,7
31-60 minutes per day,9
NA,5
NA,4
2-3 hours per day,4
NA,NA
Less than 10 minutes per day,NA
2-3 hours per day,3
NA,NA
1-2 hours per day,NA
NA,NA
31-60 minutes per day,NA
1-2 hours per day,NA
More than 3 hours per day,NA
NA,NA
2-3 hours per day,10
More than 3 hours per day,NA
1-2 hours per day,39
31-60 minutes per day,3
31-60 minutes per day,NA
NA,2
1-2 hours per day,NA
NA,NA
NA,0
More than 3 hours per day,NA
NA,NA
1-2 hours per day,6
NA,NA
1-2 hours per day,14
More than 3 hours per day,NA
31-60 minutes per day,NA
10-30 minutes per day,NA
10-30 minutes per day,NA
31-60 minutes per day,7
1-2 hours per day,68
1-2 hours per day,30
1-2 hours per day,NA
10-30 minutes per day,NA
NA,NA
31-60 minutes per day,NA
NA,NA
NA,NA
10-30 minutes per day,NA
2-3 hours per day,14
Less than 10 minutes per day,NA
10-30 minutes per day,NA
31-60 minutes per day,NA
2-3 hours per day,NA
More than 3 hours per day,NA
10-30 minutes per day,NA
More than 3 hours per day,20
31-60 minutes per day,NA
More than 3 hours per day,NA
31-60 minutes per day,4
1-2 hours per day,9
More than 3 hours per day,NA
2-3 hours per day,NA
10-30 minutes per day,40
2-3 hours per day,NA
1-2 hours per day,NA
NA,NA
1-2 hours per day,NA
1-2 hours per day,5
1-2 hours per day,9
NA,NA
31-60 minutes per day,14
31-60 minutes per day,NA
1-2 hours per day,NA
2-3 hours per day,13
31-60 minutes per day,NA
31-60 minutes per day,6
1-2 hours per day,NA
2-3 hours per day,NA
More than 3 hours per day,5
31-60 minutes per day,NA
10-30 minutes per day,NA
1-2 hours per day,NA
31-60 minutes per day,3
NA,NA
31-60 minutes per day,NA
Less than 10 minutes per day,NA
NA,NA
10-30 minutes per day,NA
1-2 hours per day,NA
10-30 minutes per day,NA
2-3 hours per day,3
Less than 10 minutes per day,NA
10-30 minutes per day,NA
10-30 minutes per day,NA
31-60 minutes per day,NA
10-30 minutes per day,7
More than 3 hours per day,NA
More than 3 hours per day,NA
NA,NA
More than 3 hours per day,6
31-60 minutes per day,NA
NA,NA
NA,NA
2-3 hours per day,NA
NA,NA
2-3 hours per day,75
NA,NA
10-30 minutes per day,NA
1-2 hours per day,NA
1-2 hours per day,NA
NA,NA
1-2 hours per day,NA
31-60 minutes per day,8
NA,NA
31-60 minutes per day,12
10-30 minutes per day,NA
2-3 hours per day,NA
31-60 minutes per day,NA
More than 3 hours per day,NA
NA,NA
2-3 hours per day,NA
More than 3 hours per day,NA
More than 3 hours per day,NA
10-30 minutes per day,NA
More than 3 hours per day,79
31-60 minutes per day,NA
NA,NA
More than 3 hours per day,20
31-60 minutes per day,2
10-30 minutes per day,NA
NA,NA
1-2 hours per day,NA
10-30 minutes per day,2
NA,NA
1-2 hours per day,NA
2-3 hours per day,167
1-2 hours per day,NA
10-30 minutes per day,NA
31-60 minutes per day,NA
NA,NA
NA,NA
NA,NA
Less than 10 minutes per day,NA
10-30 minutes per day,NA
More than 3 hours per day,NA
NA,NA
NA,NA
More than 3 hours per day,NA
31-60 minutes per day,NA
NA,NA
10-30 minutes per day,14
2-3 hours per day,1
More than 3 hours per day,2
10-30 minutes per day,NA
2-3 hours per day,2
More than 3 hours per day,NA
NA,NA
1-2 hours per day,NA
1-2 hours per day,NA
1-2 hours per day,NA
10-30 minutes per day,1
1-2 hours per day,NA
10-30 minutes per day,NA
10-30 minutes per day,NA
1-2 hours per day,NA
10-30 minutes per day,NA
2-3 hours per day,35
NA,NA
NA,NA
1-2 hours per day,28
2-3 hours per day,1
More than 3 hours per day,NA
31-60 minutes per day,3
1-2 hours per day,NA
1-2 hours per day,NA
31-60 minutes per day,14
NA,NA
Less than 10 minutes per day,NA
More than 3 hours per day,NA
More than 3 hours per day,NA
More than 3 hours per day,NA
1-2 hours per day,5
Less than 10 minutes per day,0
31-60 minutes per day,7
31-60 minutes per day,13
More than 3 hours per day,NA
1-2 hours per day,NA
NA,NA
10-30 minutes per day,5
10-30 minutes per day,NA
NA,4
1-2 hours per day,NA
More than 3 hours per day,NA
More than 3 hours per day,NA
10-30 minutes per day,NA
NA,NA
31-60 minutes per day,NA
1-2 hours per day,5
1-2 hours per day,NA
31-60 minutes per day,NA
2-3 hours per day,6
31-60 minutes per day,11
More than 3 hours per day,10
1-2 hours per day,NA
NA,NA
1-2 hours per day,NA
1-2 hours per day,6
31-60 minutes per day,NA
10-30 minutes per day,NA
31-60 minutes per day,NA
NA,NA
NA,NA
10-30 minutes per day,30
More than 3 hours per day,NA
10-30 minutes per day,NA
More than 3 hours per day,4
1-2 hours per day,NA
10-30 minutes per day,NA
1-2 hours per day,NA
10-30 minutes per day,NA
1-2 hours per day,NA
2-3 hours per day,NA
NA,1
More than 3 hours per day,NA
31-60 minutes per day,NA
10-30 minutes per day,NA
NA,NA
NA,NA
31-60 minutes per day,NA
NA,NA
10-30 minutes per day,NA
31-60 minutes per day,NA
NA,NA
NA,NA
More than 3 hours per day,9
NA,NA
NA,NA
31-60 minutes per day,7
Less than 10 minutes per day,168
NA,NA
NA,NA
10-30 minutes per day,NA
31-60 minutes per day,60
10-30 minutes per day,NA
NA,NA
31-60 minutes per day,NA
10-30 minutes per day,NA
10-30 minutes per day,NA
1-2 hours per day,NA
1-2 hours per day,NA
Presented but no response,NA
More than 3 hours per day,NA
NA,6
10-30 minutes per day,NA
NA,NA
31-60 minutes per day,NA
10-30 minutes per day,NA
31-60 minutes per day,NA
NA,NA
31-60 minutes per day,NA
10-30 minutes per day,NA
1-2 hours per day,3
10-30 minutes per day,NA
2-3 hours per day,NA
10-30 minutes per day,NA
2-3 hours per day,1
NA,NA
NA,NA
10-30 minutes per day,NA
NA,NA
More than 3 hours per day,0
NA,NA
31-60 minutes per day,NA
NA,NA
10-30 minutes per day,NA
2-3 hours per day,NA
More than 3 hours per day,24
More than 3 hours per day,0
Less than 10 minutes per day,NA
10-30 minutes per day,NA
2-3 hours per day,3
31-60 minutes per day,NA
2-3 hours per day,6
1-2 hours per day,NA
31-60 minutes per day,NA
1-2 hours per day,NA
Less than 10 minutes per day,NA
2-3 hours per day,NA
NA,5
2-3 hours per day,NA
NA,5
1-2 hours per day,NA
2-3 hours per day,NA
NA,NA
NA,NA
2-3 hours per day,NA
2-3 hours per day,NA
NA,NA
More than 3 hours per day,1
1-2 hours per day,NA
Less than 10 minutes per day,NA
10-30 minutes per day,NA
More than 3 hours per day,NA
NA,NA
Less than 10 minutes per day,30
NA,NA
More than 3 hours per day,NA
2-3 hours per day,3
Less than 10 minutes per day,NA
More than 3 hours per day,3
More than 3 hours per day,3
31-60 minutes per day,NA
31-60 minutes per day,10
31-60 minutes per day,NA
31-60 minutes per day,7
1-2 hours per day,NA
10-30 minutes per day,1
1-2 hours per day,NA
More than 3 hours per day,NA
NA,1
2-3 hours per day,NA
NA,2
Less than 10 minutes per day,NA
2-3 hours per day,NA
31-60 minutes per day,NA
More than 3 hours per day,8
Less than 10 minutes per day,NA
NA,NA
Less than 10 minutes per day,NA
More than 3 hours per day,NA
31-60 minutes per day,1
1-2 hours per day,12
10-30 minutes per day,NA
Less than 10 minutes per day,3
NA,20
NA,8
31-60 minutes per day,NA
1-2 hours per day,NA
1-2 hours per day,NA
10-30 minutes per day,10
NA,NA
2-3 hours per day,NA
NA,NA
31-60 minutes per day,NA
1-2 hours per day,NA
More than 3 hours per day,NA
NA,30
NA,30
10-30 minutes per day,NA
31-60 minutes per day,NA
NA,NA
NA,NA
2-3 hours per day,8
1-2 hours per day,NA
NA,NA
31-60 minutes per day,NA
More than 3 hours per day,20
10-30 minutes per day,3
10-30 minutes per day,NA
1-2 hours per day,NA
31-60 minutes per day,2
NA,NA
1-2 hours per day,NA
NA,NA
1-2 hours per day,NA
NA,3
10-30 minutes per day,NA
NA,NA
1-2 hours per day,NA
NA,NA
2-3 hours per day,NA
1-2 hours per day,NA
2-3 hours per day,NA
More than 3 hours per day,NA
NA,NA
More than 3 hours per day,7
Less than 10 minutes per day,NA
1-2 hours per day,NA
NA,NA
2-3 hours per day,14
10-30 minutes per day,NA
NA,NA
10-30 minutes per day,10
More than 3 hours per day,NA
NA,NA
10-30 minutes per day,30
Less than 10 minutes per day,0
Presented but no response,NA
2-3 hours per day,1
NA,NA
1-2 hours per day,NA
Less than 10 minutes per day,NA
NA,NA
31-60 minutes per day,4
1-2 hours per day,NA
NA,NA
Less than 10 minutes per day,NA
2-3 hours per day,NA
10-30 minutes per day,NA
1-2 hours per day,10
1-2 hours per day,NA
NA,NA
NA,NA
More than 3 hours per day,NA
More than 3 hours per day,NA
NA,NA
2-3 hours per day,NA
NA,NA
NA,NA
31-60 minutes per day,NA
More than 3 hours per day,NA
NA,NA
More than 3 hours per day,25
2-3 hours per day,NA
More than 3 hours per day,NA
NA,NA
10-30 minutes per day,NA
1-2 hours per day,NA
2-3 hours per day,10
NA,NA
2-3 hours per day,NA
2-3 hours per day,NA
31-60 minutes per day,1
NA,NA
NA,NA
1-2 hours per day,10
31-60 minutes per day,NA
NA,NA
2-3 hours per day,NA
10-30 minutes per day,18
More than 3 hours per day,35
1-2 hours per day,NA
1-2 hours per day,6
NA,5
NA,10
31-60 minutes per day,4
1-2 hours per day,NA
1-2 hours per day,NA
1-2 hours per day,6
NA,NA
1-2 hours per day,5
NA,NA
NA,NA
31-60 minutes per day,NA
31-60 minutes per day,NA
NA,NA
31-60 minutes per day,40
31-60 minutes per day,7
10-30 minutes per day,2
More than 3 hours per day,NA
10-30 minutes per day,NA
NA,NA
2-3 hours per day,7
31-60 minutes per day,10
1-2 hours per day,NA
NA,NA
More than 3 hours per day,NA
Less than 10 minutes per day,NA
2-3 hours per day,3
1-2 hours per day,NA
10-30 minutes per day,NA
NA,2
NA,2
NA,NA
31-60 minutes per day,75
10-30 minutes per day,21
More than 3 hours per day,NA
More than 3 hours per day,1
NA,NA
31-60 minutes per day,0
NA,2
NA,2
NA,NA
NA,6
31-60 minutes per day,NA
31-60 minutes per day,NA
Less than 10 minutes per day,NA
1-2 hours per day,NA
1-2 hours per day,NA
1-2 hours per day,3
1-2 hours per day,NA
NA,NA
NA,5
10-30 minutes per day,5
1-2 hours per day,7
NA,NA
1-2 hours per day,9
31-60 minutes per day,NA
10-30 minutes per day,NA
1-2 hours per day,33
1-2 hours per day,7
NA,NA
More than 3 hours per day,2
10-30 minutes per day,4
2-3 hours per day,NA
Less than 10 minutes per day,NA
NA,NA
31-60 minutes per day,NA
NA,NA
More than 3 hours per day,NA
31-60 minutes per day,NA
1-2 hours per day,3
31-60 minutes per day,8
10-30 minutes per day,NA
More than 3 hours per day,NA
2-3 hours per day,NA
31-60 minutes per day,NA
Less than 10 minutes per day,NA
NA,30
NA,30
NA,10
1-2 hours per day,NA
31-60 minutes per day,3
10-30 minutes per day,5
NA,NA
10-30 minutes per day,NA
NA,6
NA,1
NA,NA
1-2 hours per day,NA
2-3 hours per day,6
More than 3 hours per day,9
2-3 hours per day,20
31-60 minutes per day,10
31-60 minutes per day,NA
NA,30
2-3 hours per day,NA
More than 3 hours per day,0
31-60 minutes per day,NA
1-2 hours per day,7
31-60 minutes per day,NA
1-2 hours per day,NA
NA,NA
10-30 minutes per day,4
1-2 hours per day,NA
Presented but no response,NA
More than 3 hours per day,24
1-2 hours per day,8
1-2 hours per day,NA
NA,NA
NA,NA
NA,NA
NA,NA
NA,NA
1-2 hours per day,2
1-2 hours per day,6
10-30 minutes per day,NA
10-30 minutes per day,18
2-3 hours per day,NA
NA,NA
10-30 minutes per day,NA
2-3 hours per day,3
More than 3 hours per day,NA
Less than 10 minutes per day,NA
More than 3 hours per day,NA
2-3 hours per day,NA
NA,NA
NA,NA
10-30 minutes per day,NA
More than 3 hours per day,7
2-3 hours per day,21
10-30 minutes per day,NA
NA,NA
1-2 hours per day,97
1-2 hours per day,NA
31-60 minutes per day,NA
NA,NA
10-30 minutes per day,0
NA,4
NA,5
NA,NA
31-60 minutes per day,5
NA,NA
More than 3 hours per day,NA
NA,30
NA,30
More than 3 hours per day,NA
Less than 10 minutes per day,NA
1-2 hours per day,NA
1-2 hours per day,NA
1-2 hours per day,NA
More than 3 hours per day,3
31-60 minutes per day,12
10-30 minutes per day,NA
Less than 10 minutes per day,NA
Less than 10 minutes per day,NA
Less than 10 minutes per day,NA
1-2 hours per day,8
More than 3 hours per day,0
NA,NA
More than 3 hours per day,45
2-3 hours per day,3
NA,30
NA,0
More than 3 hours per day,NA
10-30 minutes per day,NA
2-3 hours per day,NA
NA,NA
2-3 hours per day,NA
31-60 minutes per day,NA
10-30 minutes per day,NA
31-60 minutes per day,NA
NA,NA
NA,NA
NA,NA
10-30 minutes per day,NA
1-2 hours per day,3
NA,NA
Less than 10 minutes per day,NA
1-2 hours per day,NA
31-60 minutes per day,2
More than 3 hours per day,6
2-3 hours per day,33
Less than 10 minutes per day,15
NA,NA
2-3 hours per day,3
10-30 minutes per day,NA
NA,6
NA,12
31-60 minutes per day,8
More than 3 hours per day,2
More than 3 hours per day,40
31-60 minutes per day,NA
31-60 minutes per day,4
10-30 minutes per day,4
10-30 minutes per day,NA
1-2 hours per day,2
NA,NA
1-2 hours per day,14
10-30 minutes per day,NA
More than 3 hours per day,20
NA,NA
2-3 hours per day,NA
NA,NA
More than 3 hours per day,NA
More than 3 hours per day,4
NA,NA
NA,NA
10-30 minutes per day,NA
31-60 minutes per day,110
10-30 minutes per day,NA
Less than 10 minutes per day,NA
31-60 minutes per day,6
10-30 minutes per day,4
1-2 hours per day,NA
NA,NA
More than 3 hours per day,4
31-60 minutes per day,NA
1-2 hours per day,3
31-60 minutes per day,6
1-2 hours per day,3
2-3 hours per day,2
31-60 minutes per day,14
NA,NA
1-2 hours per day,NA
31-60 minutes per day,NA
10-30 minutes per day,NA
10-30 minutes per day,NA
NA,NA
31-60 minutes per day,NA
NA,NA
2-3 hours per day,24
NA,NA
Less than 10 minutes per day,NA
31-60 minutes per day,NA
NA,NA
More than 3 hours per day,NA
More than 3 hours per day,40
31-60 minutes per day,NA
1-2 hours per day,NA
1-2 hours per day,NA
NA,1
NA,NA
1-2 hours per day,NA
NA,NA
31-60 minutes per day,14
1-2 hours per day,NA
1-2 hours per day,NA
10-30 minutes per day,1
2-3 hours per day,NA
More than 3 hours per day,5
31-60 minutes per day,NA
31-60 minutes per day,4
NA,NA
NA,NA
NA,8
NA,10
2-3 hours per day,NA
Less than 10 minutes per day,50
10-30 minutes per day,NA
NA,NA
31-60 minutes per day,8
1-2 hours per day,10
31-60 minutes per day,NA
Less than 10 minutes per day,21
More than 3 hours per day,10
10-30 minutes per day,75
31-60 minutes per day,NA
NA,NA
31-60 minutes per day,NA
1-2 hours per day,6
31-60 minutes per day,NA
10-30 minutes per day,6
1-2 hours per day,NA
31-60 minutes per day,168
1-2 hours per day,NA
31-60 minutes per day,NA
More than 3 hours per day,NA
NA,NA
2-3 hours per day,NA
More than 3 hours per day,NA
1-2 hours per day,NA
More than 3 hours per day,12
2-3 hours per day,NA
31-60 minutes per day,8
More than 3 hours per day,NA
10-30 minutes per day,7
NA,NA
More than 3 hours per day,0
NA,NA
31-60 minutes per day,NA
10-30 minutes per day,NA
10-30 minutes per day,NA
2-3 hours per day,125
NA,NA
1-2 hours per day,0
More than 3 hours per day,3
NA,NA
31-60 minutes per day,3
NA,1
NA,2
NA,NA
NA,3
31-60 minutes per day,NA
NA,NA
10-30 minutes per day,100
NA,NA
1-2 hours per day,NA
NA,NA
31-60 minutes per day,30
1-2 hours per day,7
Less than 10 minutes per day,NA
NA,NA
10-30 minutes per day,NA
More than 3 hours per day,NA
31-60 minutes per day,NA
10-30 minutes per day,8
NA,NA
10-30 minutes per day,NA
10-30 minutes per day,5
2-3 hours per day,5
10-30 minutes per day,NA
31-60 minutes per day,NA
31-60 minutes per day,NA
NA,NA
31-60 minutes per day,NA
More than 3 hours per day,NA
31-60 minutes per day,8
More than 3 hours per day,4
1-2 hours per day,73
1-2 hours per day,NA
10-30 minutes per day,NA
2-3 hours per day,NA
2-3 hours per day,12
1-2 hours per day,NA
1-2 hours per day,NA
1-2 hours per day,5
NA,NA
2-3 hours per day,NA
2-3 hours per day,NA
More than 3 hours per day,3
10-30 minutes per day,10
1-2 hours per day,4
1-2 hours per day,NA
NA,NA
Less than 10 minutes per day,NA
1-2 hours per day,NA
More than 3 hours per day,NA
More than 3 hours per day,NA
Presented but no response,NA
1-2 hours per day,NA
10-30 minutes per day,4
2-3 hours per day,NA
NA,NA
2-3 hours per day,NA
NA,NA
2-3 hours per day,NA
NA,NA
More than 3 hours per day,NA
NA,NA
31-60 minutes per day,79
10-30 minutes per day,NA
NA,NA
More than 3 hours per day,NA
2-3 hours per day,NA
Less than 10 minutes per day,NA
2-3 hours per day,NA
More than 3 hours per day,10
NA,NA
1-2 hours per day,NA
1-2 hours per day,NA
31-60 minutes per day,2
31-60 minutes per day,NA
1-2 hours per day,NA
NA,NA
31-60 minutes per day,1
31-60 minutes per day,NA
31-60 minutes per day,NA
1-2 hours per day,NA
More than 3 hours per day,NA
31-60 minutes per day,3
More than 3 hours per day,3
10-30 minutes per day,NA
NA,NA
10-30 minutes per day,0
More than 3 hours per day,5
31-60 minutes per day,NA
More than 3 hours per day,NA
1-2 hours per day,NA
NA,NA
More than 3 hours per day,24
1-2 hours per day,NA
2-3 hours per day,12
Presented but no response,NA
NA,NA
1-2 hours per day,30
NA,NA
NA,NA
NA,NA
31-60 minutes per day,NA
More than 3 hours per day,NA
31-60 minutes per day,NA
1-2 hours per day,NA
Less than 10 minutes per day,4
10-30 minutes per day,21
2-3 hours per day,2
1-2 hours per day,12
31-60 minutes per day,8
1-2 hours per day,NA
31-60 minutes per day,NA
10-30 minutes per day,2
10-30 minutes per day,NA
Less than 10 minutes per day,NA
More than 3 hours per day,NA
1-2 hours per day,NA
NA,NA
More than 3 hours per day,NA
1-2 hours per day,NA
More than 3 hours per day,NA
NA,NA
31-60 minutes per day,NA
31-60 minutes per day,NA
31-60 minutes per day,4
More than 3 hours per day,NA
31-60 minutes per day,NA
2-3 hours per day,NA
NA,NA
More than 3 hours per day,NA
NA,NA
10-30 minutes per day,NA
More than 3 hours per day,NA
2-3 hours per day,5
NA,8
NA,8
31-60 minutes per day,NA
Less than 10 minutes per day,NA
NA,NA
2-3 hours per day,NA
NA,NA
31-60 minutes per day,8
NA,NA
NA,NA
2-3 hours per day,NA
2-3 hours per day,NA
31-60 minutes per day,NA
NA,NA
10-30 minutes per day,3
NA,NA
NA,NA
NA,4
2-3 hours per day,NA
31-60 minutes per day,10
More than 3 hours per day,NA
NA,NA
NA,NA
2-3 hours per day,NA
2-3 hours per day,NA
10-30 minutes per day,NA
NA,NA
10-30 minutes per day,NA
1-2 hours per day,NA
More than 3 hours per day,NA
NA,6
NA,24
31-60 minutes per day,NA
1-2 hours per day,15
31-60 minutes per day,NA
2-3 hours per day,4
NA,NA
1-2 hours per day,11
1-2 hours per day,NA
NA,NA
1-2 hours per day,2
10-30 minutes per day,NA
More than 3 hours per day,1
2-3 hours per day,6
NA,NA
10-30 minutes per day,10
1-2 hours per day,NA
NA,NA
10-30 minutes per day,NA
NA,5
NA,30
31-60 minutes per day,5
31-60 minutes per day,NA
31-60 minutes per day,NA
2-3 hours per day,NA
NA,NA
10-30 minutes per day,NA
10-30 minutes per day,89
10-30 minutes per day,NA
NA,NA
2-3 hours per day,NA
More than 3 hours per day,NA
2-3 hours per day,60
1-2 hours per day,NA
NA,NA
31-60 minutes per day,13
1-2 hours per day,NA
2-3 hours per day,NA
31-60 minutes per day,NA
31-60 minutes per day,4
2-3 hours per day,NA
NA,NA
2-3 hours per day,NA
1-2 hours per day,4
10-30 minutes per day,NA
10-30 minutes per day,NA
31-60 minutes per day,NA
NA,NA
10-30 minutes per day,NA
10-30 minutes per day,NA
31-60 minutes per day,6
31-60 minutes per day,1
31-60 minutes per day,NA
NA,NA
1-2 hours per day,NA
31-60 minutes per day,NA
10-30 minutes per day,NA
More than 3 hours per day,10
10-30 minutes per day,10
2-3 hours per day,20
More than 3 hours per day,NA
NA,NA
NA,NA
10-30 minutes per day,16
More than 3 hours per day,NA
NA,NA
31-60 minutes per day,NA
NA,NA
NA,NA
31-60 minutes per day,10
10-30 minutes per day,7
1-2 hours per day,24
NA,NA
More than 3 hours per day,NA
31-60 minutes per day,NA
1-2 hours per day,6
NA,NA
2-3 hours per day,30
31-60 minutes per day,NA
31-60 minutes per day,NA
Presented but no response,NA
10-30 minutes per day,NA
1-2 hours per day,4
1-2 hours per day,10
1-2 hours per day,8
1-2 hours per day,NA
NA,5
2-3 hours per day,7
More than 3 hours per day,2
31-60 minutes per day,NA
31-60 minutes per day,NA
31-60 minutes per day,NA
10-30 minutes per day,NA
NA,NA
NA,5
More than 3 hours per day,NA
10-30 minutes per day,3
NA,NA
1-2 hours per day,9
1-2 hours per day,NA
1-2 hours per day,115
More than 3 hours per day,NA
NA,NA
More than 3 hours per day,NA
More than 3 hours per day,NA
Presented but no response,NA
More than 3 hours per day,4
31-60 minutes per day,NA
1-2 hours per day,NA
10-30 minutes per day,5
31-60 minutes per day,NA
NA,NA
2-3 hours per day,NA
NA,NA
NA,4
NA,8
1-2 hours per day,NA
NA,NA
31-60 minutes per day,17
NA,NA
More than 3 hours per day,NA
1-2 hours per day,NA
NA,NA
NA,12
NA,6
31-60 minutes per day,NA
NA,NA
10-30 minutes per day,NA
NA,NA
NA,NA
2-3 hours per day,NA
1-2 hours per day,NA
NA,14
NA,4
31-60 minutes per day,5
31-60 minutes per day,69
31-60 minutes per day,NA
NA,4
NA,12
31-60 minutes per day,NA
31-60 minutes per day,NA
NA,NA
NA,14
NA,20
2-3 hours per day,5
2-3 hours per day,10
More than 3 hours per day,NA
31-60 minutes per day,NA
NA,NA
1-2 hours per day,8
1-2 hours per day,NA
1-2 hours per day,NA
NA,NA
1-2 hours per day,NA
NA,NA
1-2 hours per day,NA
Less than 10 minutes per day,NA
NA,NA
1-2 hours per day,NA
1-2 hours per day,10
Presented but no response,NA
31-60 minutes per day,NA
More than 3 hours per day,NA
More than 3 hours per day,50
NA,NA
2-3 hours per day,NA
1-2 hours per day,NA
NA,NA
10-30 minutes per day,NA
10-30 minutes per day,NA
31-60 minutes per day,0
More than 3 hours per day,NA
2-3 hours per day,NA
More than 3 hours per day,NA
Less than 10 minutes per day,NA
More than 3 hours per day,NA
NA,NA
2-3 hours per day,NA
More than 3 hours per day,10
1-2 hours per day,NA
1-2 hours per day,0
10-30 minutes per day,NA
NA,NA
1-2 hours per day,7
More than 3 hours per day,NA
1-2 hours per day,NA
2-3 hours per day,NA
1-2 hours per day,3
Less than 10 minutes per day,NA
NA,NA
NA,NA
2-3 hours per day,2
NA,NA
NA,NA
More than 3 hours per day,NA
More than 3 hours per day,NA
More than 3 hours per day,8
1-2 hours per day,NA
NA,2
1-2 hours per day,0
NA,NA
NA,8
1-2 hours per day,NA
1-2 hours per day,NA
31-60 minutes per day,21
10-30 minutes per day,NA
2-3 hours per day,NA
1-2 hours per day,NA
NA,NA
NA,NA
31-60 minutes per day,NA
2-3 hours per day,NA
Less than 10 minutes per day,NA
NA,NA
Less than 10 minutes per day,NA
More than 3 hours per day,NA
1-2 hours per day,NA
More than 3 hours per day,8
NA,3
NA,1
Presented but no response,5
More than 3 hours per day,4
More than 3 hours per day,NA
10-30 minutes per day,NA
31-60 minutes per day,NA
Less than 10 minutes per day,NA
1-2 hours per day,NA
2-3 hours per day,NA
10-30 minutes per day,6
Presented but no response,NA
NA,30
1-2 hours per day,NA
NA,30
31-60 minutes per day,NA
2-3 hours per day,NA
More than 3 hours per day,30
10-30 minutes per day,4
1-2 hours per day,NA
More than 3 hours per day,1
31-60 minutes per day,NA
NA,NA
More than 3 hours per day,6
Presented but no response,NA
NA,NA
10-30 minutes per day,NA
NA,NA
1-2 hours per day,NA
Less than 10 minutes per day,NA
31-60 minutes per day,NA
More than 3 hours per day,NA
1-2 hours per day,NA
NA,3
10-30 minutes per day,NA
NA,4
31-60 minutes per day,NA
NA,NA
Less than 10 minutes per day,5
10-30 minutes per day,NA
31-60 minutes per day,NA
More than 3 hours per day,NA
NA,0
NA,0
31-60 minutes per day,NA
NA,5
NA,5
Less than 10 minutes per day,NA
10-30 minutes per day,NA
Less than 10 minutes per day,NA
Presented but no response,NA
NA,NA
31-60 minutes per day,35
2-3 hours per day,10
1-2 hours per day,NA
More than 3 hours per day,NA
NA,NA
2-3 hours per day,3
31-60 minutes per day,NA
More than 3 hours per day,NA
More than 3 hours per day,12
NA,NA
10-30 minutes per day,NA
10-30 minutes per day,4
31-60 minutes per day,NA
NA,NA
10-30 minutes per day,NA
More than 3 hours per day,8
1-2 hours per day,NA
NA,NA
NA,9
2-3 hours per day,NA
More than 3 hours per day,NA
10-30 minutes per day,NA
NA,NA
31-60 minutes per day,14
1-2 hours per day,14
31-60 minutes per day,NA
31-60 minutes per day,8
2-3 hours per day,11
31-60 minutes per day,NA
10-30 minutes per day,115
2-3 hours per day,5
31-60 minutes per day,35
More than 3 hours per day,1
More than 3 hours per day,NA
NA,NA
NA,NA
NA,NA
NA,NA
31-60 minutes per day,NA
10-30 minutes per day,NA
NA,NA
10-30 minutes per day,NA
More than 3 hours per day,NA
1-2 hours per day,NA
1-2 hours per day,3
10-30 minutes per day,12
NA,NA
NA,3
NA,6
1-2 hours per day,NA
NA,30
NA,30
1-2 hours per day,14
10-30 minutes per day,NA
Less than 10 minutes per day,NA
NA,5
NA,10
1-2 hours per day,4
NA,6
10-30 minutes per day,NA
NA,5
NA,NA
2-3 hours per day,NA
NA,NA
More than 3 hours per day,1
2-3 hours per day,NA
1-2 hours per day,NA
10-30 minutes per day,NA
31-60 minutes per day,10
10-30 minutes per day,NA
31-60 minutes per day,14
1-2 hours per day,20
2-3 hours per day,NA
10-30 minutes per day,0
31-60 minutes per day,4
31-60 minutes per day,NA
NA,NA
NA,NA
10-30 minutes per day,NA
1-2 hours per day,10
2-3 hours per day,50
31-60 minutes per day,NA
NA,NA
10-30 minutes per day,1
More than 3 hours per day,NA
10-30 minutes per day,NA
1-2 hours per day,NA
2-3 hours per day,2
More than 3 hours per day,NA
NA,NA
31-60 minutes per day,NA
31-60 minutes per day,8
10-30 minutes per day,NA
2-3 hours per day,168
1-2 hours per day,NA
2-3 hours per day,NA
2-3 hours per day,2
1-2 hours per day,1
31-60 minutes per day,10
NA,NA
Less than 10 minutes per day,0
NA,NA
NA,NA
More than 3 hours per day,14
NA,NA
31-60 minutes per day,NA
1-2 hours per day,NA
31-60 minutes per day,14
31-60 minutes per day,NA
31-60 minutes per day,0
NA,NA
NA,NA
10-30 minutes per day,NA
Less than 10 minutes per day,NA
NA,NA
NA,NA
10-30 minutes per day,5
31-60 minutes per day,NA
NA,NA
1-2 hours per day,NA
10-30 minutes per day,1
1-2 hours per day,10
31-60 minutes per day,NA
10-30 minutes per day,NA
2-3 hours per day,1
NA,1
NA,1
More than 3 hours per day,10
31-60 minutes per day,NA
NA,NA
1-2 hours per day,3
10-30 minutes per day,NA
31-60 minutes per day,NA
More than 3 hours per day,3
31-60 minutes per day,NA
31-60 minutes per day,NA
10-30 minutes per day,NA
2-3 hours per day,98
1-2 hours per day,6
10-30 minutes per day,NA
1-2 hours per day,50
NA,NA
NA,NA
1-2 hours per day,NA
More than 3 hours per day,NA
Less than 10 minutes per day,NA
More than 3 hours per day,4
31-60 minutes per day,NA
10-30 minutes per day,NA
More than 3 hours per day,21
NA,NA
31-60 minutes per day,6
31-60 minutes per day,10
More than 3 hours per day,NA
1-2 hours per day,NA
10-30 minutes per day,NA
NA,NA
NA,NA
2-3 hours per day,NA
More than 3 hours per day,1
NA,NA
2-3 hours per day,NA
NA,NA
NA,NA
31-60 minutes per day,8
NA,3
NA,3
1-2 hours per day,NA
31-60 minutes per day,140
NA,NA
10-30 minutes per day,8
Less than 10 minutes per day,1
More than 3 hours per day,NA
10-30 minutes per day,5
31-60 minutes per day,4
10-30 minutes per day,NA
More than 3 hours per day,1
2-3 hours per day,NA
NA,NA
NA,NA
10-30 minutes per day,NA
NA,8
NA,NA
10-30 minutes per day,NA
NA,NA
10-30 minutes per day,NA
More than 3 hours per day,NA
1-2 hours per day,NA
NA,NA
10-30 minutes per day,NA
10-30 minutes per day,NA
1-2 hours per day,5
2-3 hours per day,NA
31-60 minutes per day,35
2-3 hours per day,80
NA,30
NA,30
More than 3 hours per day,2
31-60 minutes per day,NA
NA,NA
31-60 minutes per day,NA
2-3 hours per day,NA
31-60 minutes per day,NA
More than 3 hours per day,5
Presented but no response,2
2-3 hours per day,NA
NA,2
NA,6
10-30 minutes per day,NA
31-60 minutes per day,NA
31-60 minutes per day,NA
10-30 minutes per day,NA
NA,NA
More than 3 hours per day,NA
31-60 minutes per day,8
10-30 minutes per day,NA
31-60 minutes per day,NA
NA,5
NA,30
1-2 hours per day,NA
NA,NA
10-30 minutes per day,7
2-3 hours per day,NA
31-60 minutes per day,NA
1-2 hours per day,7
NA,NA
More than 3 hours per day,NA
31-60 minutes per day,NA
More than 3 hours per day,NA
2-3 hours per day,NA
NA,NA
More than 3 hours per day,NA
More than 3 hours per day,NA
10-30 minutes per day,NA
10-30 minutes per day,2
2-3 hours per day,NA
1-2 hours per day,5
2-3 hours per day,60
NA,2
More than 3 hours per day,NA
NA,0
31-60 minutes per day,NA
31-60 minutes per day,NA
31-60 minutes per day,NA
NA,NA
NA,NA
NA,NA
More than 3 hours per day,5
1-2 hours per day,NA
31-60 minutes per day,NA
NA,10
NA,2
31-60 minutes per day,NA
2-3 hours per day,NA
31-60 minutes per day,NA
NA,NA
31-60 minutes per day,84
More than 3 hours per day,NA
1-2 hours per day,3
More than 3 hours per day,NA
10-30 minutes per day,NA
NA,NA
More than 3 hours per day,3
More than 3 hours per day,NA
NA,NA
10-30 minutes per day,NA
1-2 hours per day,NA
NA,NA
More than 3 hours per day,NA
31-60 minutes per day,NA
10-30 minutes per day,NA
31-60 minutes per day,NA
NA,NA
10-30 minutes per day,NA
2-3 hours per day,NA
10-30 minutes per day,NA
More than 3 hours per day,NA
31-60 minutes per day,NA
10-30 minutes per day,5
10-30 minutes per day,NA
10-30 minutes per day,NA
31-60 minutes per day,NA
10-30 minutes per day,8
31-60 minutes per day,10
2-3 hours per day,NA
10-30 minutes per day,NA
1-2 hours per day,NA
10-30 minutes per day,NA
2-3 hours per day,NA
NA,NA
10-30 minutes per day,NA
NA,NA
NA,NA
More than 3 hours per day,NA
NA,0
1-2 hours per day,NA
31-60 minutes per day,NA
Less than 10 minutes per day,3
31-60 minutes per day,NA
2-3 hours per day,6
10-30 minutes per day,NA
NA,NA
1-2 hours per day,NA
More than 3 hours per day,NA
31-60 minutes per day,NA
31-60 minutes per day,NA
More than 3 hours per day,6
1-2 hours per day,2
31-60 minutes per day,NA
1-2 hours per day,2
10-30 minutes per day,4
31-60 minutes per day,NA
10-30 minutes per day,NA
31-60 minutes per day,NA
NA,NA
NA,NA
1-2 hours per day,NA
NA,NA
More than 3 hours per day,NA
NA,NA
NA,NA
NA,NA
NA,NA
Less than 10 minutes per day,NA
NA,NA
Less than 10 minutes per day,NA
1-2 hours per day,NA
NA,NA
10-30 minutes per day,1
1-2 hours per day,10
NA,NA
31-60 minutes per day,NA
31-60 minutes per day,84
31-60 minutes per day,NA
NA,NA
2-3 hours per day,NA
31-60 minutes per day,8
31-60 minutes per day,20
NA,NA
NA,5
NA,5
31-60 minutes per day,NA
2-3 hours per day,0
NA,NA
31-60 minutes per day,NA
10-30 minutes per day,NA
NA,NA
2-3 hours per day,NA
NA,NA
31-60 minutes per day,NA
31-60 minutes per day,NA
NA,NA
2-3 hours per day,NA
1-2 hours per day,NA
NA,NA
10-30 minutes per day,NA
NA,NA
NA,2
More than 3 hours per day,NA
NA,17
Presented but no response,8
NA,NA
31-60 minutes per day,NA
NA,NA
More than 3 hours per day,NA
NA,NA
NA,NA
NA,NA
More than 3 hours per day,0
31-60 minutes per day,NA
NA,0
NA,0
1-2 hours per day,NA
NA,NA
31-60 minutes per day,NA
More than 3 hours per day,NA
NA,NA
1-2 hours per day,NA
1-2 hours per day,120
NA,NA
31-60 minutes per day,NA
More than 3 hours per day,NA
10-30 minutes per day,NA
10-30 minutes per day,NA
31-60 minutes per day,10
31-60 minutes per day,8
NA,NA
2-3 hours per day,NA
NA,5
10-30 minutes per day,NA
NA,15
31-60 minutes per day,1
31-60 minutes per day,1
NA,NA
10-30 minutes per day,NA
31-60 minutes per day,30
NA,NA
31-60 minutes per day,NA
10-30 minutes per day,NA
NA,NA
NA,NA
31-60 minutes per day,14
NA,NA
1-2 hours per day,NA
1-2 hours per day,2
2-3 hours per day,NA
1-2 hours per day,NA
NA,NA
NA,14
2-3 hours per day,NA
NA,8
10-30 minutes per day,6
Less than 10 minutes per day,NA
31-60 minutes per day,NA
More than 3 hours per day,14
1-2 hours per day,10
10-30 minutes per day,NA
1-2 hours per day,5
More than 3 hours per day,NA
10-30 minutes per day,6
1-2 hours per day,NA
31-60 minutes per day,NA
1-2 hours per day,16
31-60 minutes per day,2
NA,20
NA,30
10-30 minutes per day,NA
NA,NA
NA,NA
1-2 hours per day,6
NA,NA
More than 3 hours per day,1
More than 3 hours per day,NA
2-3 hours per day,25
2-3 hours per day,6
1-2 hours per day,NA
1-2 hours per day,5
NA,NA
31-60 minutes per day,NA
2-3 hours per day,NA
10-30 minutes per day,NA
1-2 hours per day,NA
1-2 hours per day,NA
10-30 minutes per day,NA
More than 3 hours per day,3
NA,NA
31-60 minutes per day,3
NA,NA
1-2 hours per day,NA
2-3 hours per day,NA
NA,NA
NA,NA
NA,NA
NA,1
More than 3 hours per day,NA
Less than 10 minutes per day,5
More than 3 hours per day,NA
NA,NA
1-2 hours per day,21
More than 3 hours per day,NA
1-2 hours per day,NA
31-60 minutes per day,10
NA,NA
2-3 hours per day,NA
NA,NA
More than 3 hours per day,NA
31-60 minutes per day,NA
31-60 minutes per day,20
NA,NA
NA,NA
NA,NA
NA,NA
1-2 hours per day,NA
More than 3 hours per day,3
NA,NA
2-3 hours per day,NA
1-2 hours per day,18
31-60 minutes per day,NA
1-2 hours per day,NA
NA,NA
NA,NA
NA,NA
31-60 minutes per day,NA
2-3 hours per day,7
1-2 hours per day,NA
31-60 minutes per day,NA
NA,30
NA,30
31-60 minutes per day,NA
31-60 minutes per day,NA
1-2 hours per day,NA
1-2 hours per day,NA
10-30 minutes per day,NA
2-3 hours per day,NA
1-2 hours per day,30
NA,NA
Less than 10 minutes per day,NA
More than 3 hours per day,NA
31-60 minutes per day,8
10-30 minutes per day,NA
More than 3 hours per day,NA
2-3 hours per day,3
1-2 hours per day,0
Less than 10 minutes per day,7
10-30 minutes per day,NA
31-60 minutes per day,NA
More than 3 hours per day,NA
10-30 minutes per day,2
10-30 minutes per day,NA
1-2 hours per day,NA
31-60 minutes per day,5
NA,NA
31-60 minutes per day,NA
1-2 hours per day,NA
NA,NA
31-60 minutes per day,NA
10-30 minutes per day,40
10-30 minutes per day,NA
NA,NA
2-3 hours per day,NA
1-2 hours per day,NA
10-30 minutes per day,NA
NA,NA
2-3 hours per day,NA
Less than 10 minutes per day,NA
NA,30
NA,30
1-2 hours per day,NA
10-30 minutes per day,3
31-60 minutes per day,NA
NA,NA
NA,NA
NA,0
NA,0
More than 3 hours per day,NA
Presented but no response,NA
NA,NA
NA,NA
2-3 hours per day,NA
31-60 minutes per day,NA
2-3 hours per day,NA
31-60 minutes per day,18
More than 3 hours per day,NA
NA,NA
More than 3 hours per day,2
More than 3 hours per day,NA
NA,NA
NA,NA
NA,NA
2-3 hours per day,NA
More than 3 hours per day,NA
31-60 minutes per day,NA
NA,NA
10-30 minutes per day,NA
More than 3 hours per day,NA
Less than 10 minutes per day,4
1-2 hours per day,7
NA,1
NA,2
10-30 minutes per day,5
2-3 hours per day,NA
More than 3 hours per day,NA
31-60 minutes per day,3
NA,NA
2-3 hours per day,NA
31-60 minutes per day,NA
NA,NA
10-30 minutes per day,NA
More than 3 hours per day,2
1-2 hours per day,NA
Less than 10 minutes per day,NA
NA,NA
NA,NA
10-30 minutes per day,NA
NA,NA
NA,NA
More than 3 hours per day,NA
31-60 minutes per day,8
31-60 minutes per day,NA
2-3 hours per day,NA
Less than 10 minutes per day,60
10-30 minutes per day,NA
31-60 minutes per day,72
NA,NA
Less than 10 minutes per day,NA
2-3 hours per day,NA
NA,NA
1-2 hours per day,NA
NA,NA
31-60 minutes per day,NA
10-30 minutes per day,NA
More than 3 hours per day,5
Less than 10 minutes per day,NA
1-2 hours per day,50
10-30 minutes per day,3
More than 3 hours per day,25
NA,NA
10-30 minutes per day,NA
Less than 10 minutes per day,NA
2-3 hours per day,NA
Less than 10 minutes per day,NA
31-60 minutes per day,NA
NA,NA
10-30 minutes per day,70
2-3 hours per day,63
10-30 minutes per day,NA
More than 3 hours per day,18
2-3 hours per day,NA
NA,NA
2-3 hours per day,0
31-60 minutes per day,NA
NA,NA
31-60 minutes per day,5
2-3 hours per day,NA
NA,1
NA,1
2-3 hours per day,NA
More than 3 hours per day,NA
NA,NA
Presented but no response,NA
1-2 hours per day,NA
NA,30
NA,30
More than 3 hours per day,NA
NA,NA
2-3 hours per day,NA
NA,2
NA,1
31-60 minutes per day,168
NA,NA
10-30 minutes per day,NA
NA,NA
10-30 minutes per day,NA
More than 3 hours per day,NA
2-3 hours per day,NA
2-3 hours per day,NA
More than 3 hours per day,10
NA,NA
31-60 minutes per day,NA
More than 3 hours per day,NA
10-30 minutes per day,NA
NA,NA
NA,3
Less than 10 minutes per day,NA
NA,30
31-60 minutes per day,7
NA,NA
2-3 hours per day,3
NA,1
NA,2
1-2 hours per day,NA
31-60 minutes per day,NA
NA,NA
NA,NA
NA,NA
More than 3 hours per day,40
2-3 hours per day,NA
1-2 hours per day,20
1-2 hours per day,NA
10-30 minutes per day,2
31-60 minutes per day,NA
31-60 minutes per day,NA
1-2 hours per day,NA
More than 3 hours per day,5
NA,NA
NA,NA
Less than 10 minutes per day,2
10-30 minutes per day,NA
NA,NA
31-60 minutes per day,NA
1-2 hours per day,NA
Less than 10 minutes per day,3
NA,NA
10-30 minutes per day,NA
NA,NA
31-60 minutes per day,3
1-2 hours per day,8
1-2 hours per day,NA
NA,NA
NA,30
31-60 minutes per day,NA
31-60 minutes per day,168
NA,NA
2-3 hours per day,40
NA,NA
31-60 minutes per day,NA
10-30 minutes per day,NA
NA,NA
31-60 minutes per day,NA
2-3 hours per day,2
1-2 hours per day,NA
1-2 hours per day,NA
31-60 minutes per day,NA
2-3 hours per day,NA
NA,NA
Less than 10 minutes per day,NA
31-60 minutes per day,NA
2-3 hours per day,NA
31-60 minutes per day,NA
Less than 10 minutes per day,5
10-30 minutes per day,10
More than 3 hours per day,NA
1-2 hours per day,0
31-60 minutes per day,NA
2-3 hours per day,NA
31-60 minutes per day,NA
31-60 minutes per day,10
NA,NA
2-3 hours per day,73
31-60 minutes per day,4
1-2 hours per day,NA
10-30 minutes per day,NA
More than 3 hours per day,NA
NA,NA
10-30 minutes per day,NA
31-60 minutes per day,NA
1-2 hours per day,NA
10-30 minutes per day,NA
31-60 minutes per day,3
More than 3 hours per day,NA
NA,NA
31-60 minutes per day,2
More than 3 hours per day,NA
More than 3 hours per day,NA
Presented but no response,2
NA,NA
1-2 hours per day,5
More than 3 hours per day,NA
31-60 minutes per day,NA
2-3 hours per day,NA
31-60 minutes per day,NA
1-2 hours per day,NA
NA,NA
More than 3 hours per day,NA
10-30 minutes per day,NA
1-2 hours per day,NA
2-3 hours per day,NA
NA,NA
2-3 hours per day,NA
NA,3
10-30 minutes per day,4
31-60 minutes per day,NA
1-2 hours per day,61
10-30 minutes per day,2
NA,NA
1-2 hours per day,NA
NA,NA
NA,NA
10-30 minutes per day,0
2-3 hours per day,NA
2-3 hours per day,NA
NA,NA
More than 3 hours per day,52
NA,NA
2-3 hours per day,NA
NA,2
NA,4
NA,NA
2-3 hours per day,NA
NA,NA
2-3 hours per day,4
31-60 minutes per day,NA
2-3 hours per day,NA
2-3 hours per day,10
NA,NA
More than 3 hours per day,0
2-3 hours per day,NA
1-2 hours per day,5
Less than 10 minutes per day,2
1-2 hours per day,NA
10-30 minutes per day,NA
1-2 hours per day,NA
Less than 10 minutes per day,2
More than 3 hours per day,0
10-30 minutes per day,NA
1-2 hours per day,NA
More than 3 hours per day,2
10-30 minutes per day,NA
More than 3 hours per day,6
More than 3 hours per day,NA
Less than 10 minutes per day,0
31-60 minutes per day,2
More than 3 hours per day,NA
1-2 hours per day,NA
10-30 minutes per day,NA
10-30 minutes per day,NA
31-60 minutes per day,NA
Less than 10 minutes per day,NA
NA,7
NA,7
31-60 minutes per day,NA
1-2 hours per day,NA
More than 3 hours per day,2
1-2 hours per day,NA
2-3 hours per day,26
2-3 hours per day,2
NA,NA
More than 3 hours per day,5
31-60 minutes per day,NA
More than 3 hours per day,NA
NA,NA
NA,NA
10-30 minutes per day,NA
10-30 minutes per day,NA
31-60 minutes per day,NA
1-2 hours per day,5
31-60 minutes per day,7
10-30 minutes per day,NA
NA,NA
2-3 hours per day,1
1-2 hours per day,13
Less than 10 minutes per day,NA
2-3 hours per day,15
NA,NA
1-2 hours per day,1
10-30 minutes per day,5
10-30 minutes per day,NA
NA,10
NA,6
10-30 minutes per day,NA
31-60 minutes per day,NA
More than 3 hours per day,7
2-3 hours per day,NA
10-30 minutes per day,NA
NA,NA
NA,NA
NA,NA
10-30 minutes per day,NA
More than 3 hours per day,NA
More than 3 hours per day,6
31-60 minutes per day,4
2-3 hours per day,NA
10-30 minutes per day,NA
1-2 hours per day,2
1-2 hours per day,NA
1-2 hours per day,NA
1-2 hours per day,NA
31-60 minutes per day,NA
1-2 hours per day,NA
NA,NA
31-60 minutes per day,14
NA,NA
NA,NA
NA,NA
More than 3 hours per day,NA
1-2 hours per day,NA
More than 3 hours per day,NA
1-2 hours per day,NA
10-30 minutes per day,NA
More than 3 hours per day,3
NA,NA
NA,NA
31-60 minutes per day,NA
1-2 hours per day,NA
NA,NA
31-60 minutes per day,8
2-3 hours per day,NA
31-60 minutes per day,NA
NA,NA
More than 3 hours per day,7
NA,NA
2-3 hours per day,NA
NA,NA
NA,NA
NA,NA
NA,NA
1-2 hours per day,7
31-60 minutes per day,2
More than 3 hours per day,NA
More than 3 hours per day,NA
NA,6
NA,8
2-3 hours per day,NA
More than 3 hours per day,1
1-2 hours per day,10
1-2 hours per day,2
NA,NA
NA,NA
NA,30
NA,0
More than 3 hours per day,NA
1-2 hours per day,NA
10-30 minutes per day,NA
2-3 hours per day,2
More than 3 hours per day,NA
10-30 minutes per day,NA
10-30 minutes per day,NA
31-60 minutes per day,1
31-60 minutes per day,NA
NA,NA
1-2 hours per day,NA
NA,2
NA,3
1-2 hours per day,NA
10-30 minutes per day,NA
2-3 hours per day,5
NA,NA
NA,NA
2-3 hours per day,120
More than 3 hours per day,NA
More than 3 hours per day,NA
NA,NA
Less than 10 minutes per day,12
NA,NA
Less than 10 minutes per day,0
31-60 minutes per day,1
More than 3 hours per day,NA
10-30 minutes per day,NA
2-3 hours per day,0
More than 3 hours per day,NA
10-30 minutes per day,24
31-60 minutes per day,168
1-2 hours per day,10
10-30 minutes per day,NA
31-60 minutes per day,NA
NA,7
NA,1
1-2 hours per day,NA
31-60 minutes per day,2
NA,NA
NA,NA
More than 3 hours per day,NA
2-3 hours per day,NA
NA,NA
Less than 10 minutes per day,NA
2-3 hours per day,24
1-2 hours per day,40
10-30 minutes per day,NA
31-60 minutes per day,NA
NA,12
2-3 hours per day,NA
NA,NA
31-60 minutes per day,NA
1-2 hours per day,NA
1-2 hours per day,NA
More than 3 hours per day,NA
1-2 hours per day,NA
31-60 minutes per day,NA
NA,NA
2-3 hours per day,NA
1-2 hours per day,NA
Less than 10 minutes per day,6
1-2 hours per day,NA
More than 3 hours per day,2
NA,25
NA,7
1-2 hours per day,NA
NA,NA
NA,NA
Less than 10 minutes per day,3
31-60 minutes per day,NA
1-2 hours per day,1
2-3 hours per day,24
1-2 hours per day,NA
NA,6
NA,5
Presented but no response,NA
10-30 minutes per day,NA
NA,10
31-60 minutes per day,NA
1-2 hours per day,NA
Less than 10 minutes per day,NA
31-60 minutes per day,NA
10-30 minutes per day,NA
1-2 hours per day,NA
More than 3 hours per day,NA
10-30 minutes per day,71
1-2 hours per day,7
31-60 minutes per day,8
NA,NA
2-3 hours per day,24
31-60 minutes per day,NA
31-60 minutes per day,NA
1-2 hours per day,1
10-30 minutes per day,2
10-30 minutes per day,NA
2-3 hours per day,NA
31-60 minutes per day,NA
NA,30
1-2 hours per day,NA
NA,2
2-3 hours per day,4
2-3 hours per day,NA
More than 3 hours per day,NA
1-2 hours per day,NA
31-60 minutes per day,NA
1-2 hours per day,8
10-30 minutes per day,4
NA,NA
More than 3 hours per day,NA
2-3 hours per day,NA
More than 3 hours per day,5
More than 3 hours per day,4
31-60 minutes per day,NA
NA,NA
10-30 minutes per day,NA
More than 3 hours per day,5
NA,NA
NA,NA
Presented but no response,NA
1-2 hours per day,6
10-30 minutes per day,NA
2-3 hours per day,NA
NA,2
NA,2
NA,NA
2-3 hours per day,NA
More than 3 hours per day,3
NA,NA
NA,NA
Less than 10 minutes per day,16
NA,2
2-3 hours per day,5
1-2 hours per day,NA
More than 3 hours per day,NA
1-2 hours per day,NA
NA,13
2-3 hours per day,NA
NA,3
10-30 minutes per day,NA
More than 3 hours per day,10
2-3 hours per day,NA
31-60 minutes per day,3
31-60 minutes per day,12
Less than 10 minutes per day,9
NA,NA
More than 3 hours per day,NA
NA,NA
31-60 minutes per day,10
31-60 minutes per day,NA
NA,NA
10-30 minutes per day,NA
1-2 hours per day,NA
10-30 minutes per day,NA
More than 3 hours per day,NA
31-60 minutes per day,NA
More than 3 hours per day,NA
NA,NA
31-60 minutes per day,4
2-3 hours per day,6
NA,NA
2-3 hours per day,NA
NA,NA
2-3 hours per day,100
NA,NA
31-60 minutes per day,NA
2-3 hours per day,NA
2-3 hours per day,NA
31-60 minutes per day,NA
NA,NA
NA,12
NA,12
More than 3 hours per day,24
31-60 minutes per day,NA
2-3 hours per day,NA
NA,NA
1-2 hours per day,NA
31-60 minutes per day,NA
1-2 hours per day,2
1-2 hours per day,10
More than 3 hours per day,18
31-60 minutes per day,10
NA,NA
Less than 10 minutes per day,NA
More than 3 hours per day,NA
31-60 minutes per day,NA
NA,4
NA,12
More than 3 hours per day,NA
